x,y,Oxygen,quiescenceThreshold,hypoxiaThreshold,PointType
0.432058,0.104617,0.24965524872496087,0.5,0.3,Necrotic
0.324578,-0.337456,0.2499893861798568,0.5,0.3,Necrotic
3.36792,12.3804,0.34162984006680447,0.5,0.3,Viable tumour cell
0.84167,-0.990815,0.2503457801240264,0.5,0.3,Necrotic
0.102214,0.176709,0.24968150825084567,0.5,0.3,Necrotic
0.325973,-0.774763,0.2503098498942796,0.5,0.3,Necrotic
-0.0808484,-1.55366,0.2510157257867568,0.5,0.3,Necrotic
9.42715,-9.74369,0.4198045978907126,0.5,0.3,Viable tumour cell
0.122565,0.587891,0.24940629550681784,0.5,0.3,Necrotic
2.24023,0.81236,0.24874751796641037,0.5,0.3,Necrotic
-15.663,6.41193,0.599264922818808,0.5,0.3,Viable tumour cell
0.00952622,-0.675386,0.2503121553700357,0.5,0.3,Necrotic
0.506494,0.205525,0.2495739375945194,0.5,0.3,Necrotic
0.289289,-0.383999,0.2500319156148718,0.5,0.3,Necrotic
-1.24546,-0.72483,0.2505385987891887,0.5,0.3,Necrotic
-12.0474,-10.3315,0.5089091981285954,0.5,0.3,Viable tumour cell
-0.135634,-0.519813,0.25022119204102944,0.5,0.3,Necrotic
-0.42395,-0.639302,0.2503532639609974,0.5,0.3,Necrotic
-1.79067,-0.156672,0.2501962262416005,0.5,0.3,Necrotic
1.52602,3.16931,0.247559889371721,0.5,0.3,Necrotic
3.75594,8.11936,0.24929707663642264,0.5,0.3,Viable tumour cell
0.043658,-0.525085,0.25019378825620087,0.5,0.3,Necrotic
-7.84596,9.48069,0.31773187851891066,0.5,0.3,Viable tumour cell
1.96741,1.00795,0.2487073443240615,0.5,0.3,Necrotic
2.3142,-1.2614,0.2500319289736098,0.5,0.3,Necrotic
0.231994,-0.545929,0.2501643189559721,0.5,0.3,Necrotic
0.158793,0.347959,0.2495570086038758,0.5,0.3,Necrotic
2.35167,-9.14709,0.26657299644950205,0.5,0.3,Viable tumour cell
-15.8362,-10.4412,0.8323948294377181,0.5,0.3,Viable tumour cell
0.520701,-0.950474,0.2503924675691204,0.5,0.3,Necrotic
-0.713956,-0.451367,0.25026476804894543,0.5,0.3,Necrotic
-9.86347,-5.89089,0.29899464007510196,0.5,0.3,Viable tumour cell
8.65146,-0.565703,0.25273522391773284,0.5,0.3,Viable tumour cell
-0.179827,-0.544077,0.2502457998765256,0.5,0.3,Necrotic
-1.6307,1.90856,0.2488528732353723,0.5,0.3,Necrotic
-0.611021,-0.507597,0.2502873164019806,0.5,0.3,Necrotic
-6.79535,-7.0957,0.2650000806467432,0.5,0.3,Viable tumour cell
-2.44752,-16.9617,0.6874414999000897,0.5,0.3,Viable tumour cell
-0.0493422,-0.697939,0.2503385658845199,0.5,0.3,Necrotic
-14.5801,7.64431,0.5519868521346332,0.5,0.3,Viable tumour cell
0.414382,0.342738,0.24950664175298085,0.5,0.3,Necrotic
0.134766,-0.57967,0.25021217747447466,0.5,0.3,Necrotic
3.37988,-13.2892,0.4117706980898504,0.5,0.3,Viable tumour cell
0.150396,-0.553073,0.2501889520079295,0.5,0.3,Necrotic
0.69057,-0.222631,0.24982465112608299,0.5,0.3,Necrotic
8.80878,14.9117,0.642948389172204,0.5,0.3,Viable tumour cell
4.02809,0.841082,0.2482059353541255,0.5,0.3,Necrotic
-4.88777,-3.72675,0.25172335696370285,0.5,0.3,Necrotic
1.03915,1.35144,0.24873023864485666,0.5,0.3,Necrotic
8.56874,10.2648,0.36932042270970966,0.5,0.3,Viable tumour cell
-0.828678,-2.44623,0.25185642595476887,0.5,0.3,Necrotic
-1.80154,18.1986,0.8502878539887377,0.5,0.3,Viable tumour cell
6.97247,-7.59512,0.2869669421474734,0.5,0.3,Viable tumour cell
0.421462,2.77051,0.24798713475457373,0.5,0.3,Necrotic
1.03516,2.18366,0.24822511028495126,0.5,0.3,Necrotic
-0.287027,-0.345643,0.2501167502286328,0.5,0.3,Necrotic
-0.407245,-0.366719,0.2501514558051514,0.5,0.3,Necrotic
1.52701,3.29811,0.24749120150699958,0.5,0.3,Necrotic
2.64401,14.631,0.46067082346458743,0.5,0.3,Viable tumour cell
11.2967,-5.19677,0.35855942136068886,0.5,0.3,Viable tumour cell
7.14165,-6.09494,0.26768300868082195,0.5,0.3,Viable tumour cell
4.0005,-6.2747,0.2560455137816039,0.5,0.3,Necrotic
-0.14485,-0.775407,0.25041010784706885,0.5,0.3,Necrotic
6.32482,4.42724,0.24664366977690236,0.5,0.3,Viable tumour cell
6.97522,3.94448,0.24829478040596673,0.5,0.3,Necrotic
-1.39509,3.30767,0.2479484572243593,0.5,0.3,Necrotic
-0.120183,-0.813208,0.2504340372854836,0.5,0.3,Necrotic
-0.253861,-0.119383,0.24994806438863462,0.5,0.3,Necrotic
14.7429,-7.7736,0.7024105374056734,0.5,0.3,Viable tumour cell
0.226864,-0.609425,0.25021211718914643,0.5,0.3,Necrotic
-0.755129,-1.1907,0.25082412965625417,0.5,0.3,Necrotic
-2.40928,1.7335,0.24906566058505283,0.5,0.3,Necrotic
8.54344,-13.4234,0.5834968355847893,0.5,0.3,Viable tumour cell
0.461146,0.0915138,0.24965713368458967,0.5,0.3,Necrotic
2.99167,4.05234,0.24671011660439832,0.5,0.3,Necrotic
-3.01279,-2.94005,0.2520572414082494,0.5,0.3,Necrotic
3.81921,-1.51776,0.24930856048268218,0.5,0.3,Necrotic
7.90312,16.4168,0.7330882808404215,0.5,0.3,Viable tumour cell
0.863,-0.480737,0.249971824969511,0.5,0.3,Necrotic
2.28625,-0.359671,0.24940855993901578,0.5,0.3,Necrotic
-0.855471,-2.18262,0.25162759253005273,0.5,0.3,Necrotic
13.6304,4.94533,0.44350749119552824,0.5,0.3,Viable tumour cell
6.75062,3.12998,0.247835002875195,0.5,0.3,Necrotic
-4.01474,-4.63309,0.2526918721530328,0.5,0.3,Necrotic
-2.97722,4.17026,0.24777401243697408,0.5,0.3,Necrotic
1.2,-1.57855,0.2507132609773877,0.5,0.3,Necrotic
-1.33991,-0.798059,0.2505968897552184,0.5,0.3,Necrotic
3.51722,-1.34159,0.2493901905185834,0.5,0.3,Necrotic
0.274696,-0.467609,0.25009671800230426,0.5,0.3,Necrotic
-1.07193,0.424469,0.2497207991350454,0.5,0.3,Necrotic
-5.08344,15.8922,0.605625181648479,0.5,0.3,Viable tumour cell
-0.0484089,-0.562521,0.2502390831947928,0.5,0.3,Necrotic
-3.95417,12.8047,0.3700857863553205,0.5,0.3,Viable tumour cell
1.7269,4.13519,0.24700690263595504,0.5,0.3,Necrotic
12.9942,0.79479,0.36387946808935934,0.5,0.3,Viable tumour cell
-1.60636,0.0523335,0.2500280230126911,0.5,0.3,Necrotic
-0.359962,-1.57,0.2510720255076113,0.5,0.3,Necrotic
3.4894,-6.69342,0.2572471913744752,0.5,0.3,Necrotic
-0.0900076,6.55294,0.2455413273806977,0.5,0.3,Necrotic
-0.0664274,16.2717,0.5996921996542163,0.5,0.3,Viable tumour cell
11.5619,-8.33284,0.4713262936786684,0.5,0.3,Viable tumour cell
2.47412,2.65898,0.2476340829097627,0.5,0.3,Necrotic
4.23058,-7.2991,0.2604847919292132,0.5,0.3,Viable tumour cell
-0.505556,-0.58435,0.25032552535765584,0.5,0.3,Necrotic
0.875034,-0.387945,0.24990234628517896,0.5,0.3,Necrotic
-4.91855,0.401472,0.25014259461518745,0.5,0.3,Necrotic
0.122638,-0.640356,0.25025957700793955,0.5,0.3,Necrotic
1.79402,-1.59597,0.2505127401926244,0.5,0.3,Necrotic
-1.44113,-1.94935,0.2514528788944119,0.5,0.3,Necrotic
1.84793,3.25639,0.24745020980039162,0.5,0.3,Necrotic
-1.4429,0.232241,0.2498906829809644,0.5,0.3,Necrotic
-0.318497,-0.633988,0.25033311946974074,0.5,0.3,Necrotic
-0.383285,-1.12723,0.25071516856233017,0.5,0.3,Necrotic
12.4655,1.39371,0.34364993589073645,0.5,0.3,Viable tumour cell
0.0278218,-0.474535,0.2501604696078944,0.5,0.3,Necrotic
0.0960163,0.772303,0.249290190408953,0.5,0.3,Necrotic
3.71542,2.19805,0.24763542169535588,0.5,0.3,Necrotic
3.59225,-2.15755,0.24991862314512847,0.5,0.3,Necrotic
3.55629,-1.00822,0.24918366057883184,0.5,0.3,Necrotic
-15.1072,9.03178,0.6486998716738379,0.5,0.3,Viable tumour cell
-0.0142557,-0.786371,0.25039803075725364,0.5,0.3,Necrotic
0.0589344,-0.649733,0.25028159537129047,0.5,0.3,Necrotic
-5.66844,10.6301,0.31160601310665054,0.5,0.3,Viable tumour cell
6.41931,15.6391,0.6003786969226673,0.5,0.3,Viable tumour cell
-7.08352,-17.1662,0.8327130512601213,0.5,0.3,Viable tumour cell
1.03031,2.80949,0.24785875965455878,0.5,0.3,Necrotic
0.28278,0.910191,0.2491609478788517,0.5,0.3,Necrotic
4.70869,-15.0875,0.5561682160422026,0.5,0.3,Viable tumour cell
1.3043,-0.0339038,0.24952963740204756,0.5,0.3,Necrotic
0.483633,-9.27543,0.2657811365065198,0.5,0.3,Viable tumour cell
1.17049,-0.484734,0.24989365694796337,0.5,0.3,Necrotic
3.03506,-4.9955,0.25387684079934275,0.5,0.3,Necrotic
7.33121,-1.46448,0.24684325993313777,0.5,0.3,Viable tumour cell
0.169221,-0.0312324,0.24980358210383316,0.5,0.3,Necrotic
-5.03257,13.9909,0.45204519733277787,0.5,0.3,Viable tumour cell
-6.00098,-6.92144,0.259628113017459,0.5,0.3,Viable tumour cell
8.2602,-0.084509,0.24968731510656597,0.5,0.3,Necrotic
-6.87346,12.1826,0.3931073441430464,0.5,0.3,Viable tumour cell
8.7168,6.13487,0.277502947015921,0.5,0.3,Viable tumour cell
17.1516,-2.13962,0.691267220732492,0.5,0.3,Viable tumour cell
-0.318976,-0.205063,0.2500205810798755,0.5,0.3,Necrotic
9.06389,2.24962,0.2576809328792118,0.5,0.3,Viable tumour cell
-3.27135,9.53942,0.2650219621586643,0.5,0.3,Viable tumour cell
-10.4257,-1.31751,0.2798889060258721,0.5,0.3,Viable tumour cell
1.09701,0.760279,0.2490793863222644,0.5,0.3,Necrotic
-1.33625,4.82019,0.24689544382011777,0.5,0.3,Necrotic
14.5095,9.73282,0.6877956071418025,0.5,0.3,Viable tumour cell
10.6086,-6.81079,0.37261300750437265,0.5,0.3,Viable tumour cell
-3.88458,-7.75996,0.259646048964413,0.5,0.3,Viable tumour cell
0.843079,-1.18719,0.2505046416956508,0.5,0.3,Necrotic
0.0446918,-0.256124,0.24999624053617556,0.5,0.3,Necrotic
-0.123928,-0.466997,0.25018064438211407,0.5,0.3,Necrotic
1.5994,-0.40788,0.24971123611507656,0.5,0.3,Necrotic
2.62818,-2.48097,0.2508635857715568,0.5,0.3,Necrotic
0.502623,-0.624183,0.25015740724294594,0.5,0.3,Necrotic
-2.95681,6.36875,0.24582451122582177,0.5,0.3,Necrotic
-5.89666,-4.40447,0.25130391710697825,0.5,0.3,Necrotic
0.063146,-0.540017,0.25020011020422395,0.5,0.3,Necrotic
2.89482,-0.831282,0.24944970296155633,0.5,0.3,Necrotic
-0.601732,4.18354,0.2472492547201196,0.5,0.3,Necrotic
-12.3198,0.332452,0.33498480184810747,0.5,0.3,Viable tumour cell
-3.63268,4.06434,0.24807619385525356,0.5,0.3,Necrotic
-1.10275,5.30943,0.24643795080191547,0.5,0.3,Necrotic
5.10252,-1.89017,0.2482901561004795,0.5,0.3,Necrotic
3.76708,3.20865,0.24698736834813367,0.5,0.3,Necrotic
8.14676,4.26597,0.2565231637803343,0.5,0.3,Necrotic
14.3021,-6.32225,0.576484044935634,0.5,0.3,Viable tumour cell
-2.86945,-4.75722,0.2535728365033898,0.5,0.3,Necrotic
-6.15846,11.3709,0.3437706401184616,0.5,0.3,Viable tumour cell
0.329998,0.608194,0.24935031534701751,0.5,0.3,Necrotic
3.37152,1.87595,0.24788106718790043,0.5,0.3,Necrotic
-0.349934,0.342712,0.2496542183861889,0.5,0.3,Necrotic
0.17867,-0.718718,0.250303744706146,0.5,0.3,Necrotic
-15.9495,2.98456,0.5800822092855767,0.5,0.3,Viable tumour cell
14.2623,1.78086,0.4369204613772122,0.5,0.3,Viable tumour cell
2.9037,-6.23045,0.25628930845814757,0.5,0.3,Necrotic
0.635211,-0.425052,0.2499827291890272,0.5,0.3,Necrotic
-12.642,10.3567,0.5357658278396886,0.5,0.3,Viable tumour cell
0.174588,2.26826,0.24833431976957812,0.5,0.3,Necrotic
0.133904,-0.684122,0.2502890050189174,0.5,0.3,Necrotic
-13.7991,-0.551308,0.4083402951976557,0.5,0.3,Viable tumour cell
1.6588,3.97767,0.24709827628805636,0.5,0.3,Necrotic
-0.170584,-4.71009,0.25428247448268865,0.5,0.3,Necrotic
-1.18283,-3.2148,0.2525504422920222,0.5,0.3,Necrotic
-0.444974,12.9354,0.3541063049009926,0.5,0.3,Viable tumour cell
-1.41986,2.67966,0.24833982191369763,0.5,0.3,Necrotic
-15.6007,-4.44985,0.5822885898669629,0.5,0.3,Viable tumour cell
-0.228277,6.03095,0.24592649157940114,0.5,0.3,Necrotic
6.92644,0.415441,0.2478567568719901,0.5,0.3,Necrotic
-2.25904,-3.4116,0.25261742399985115,0.5,0.3,Necrotic
0.273586,-0.654072,0.2502337647468215,0.5,0.3,Necrotic
-0.22238,-0.709766,0.25037390006184146,0.5,0.3,Necrotic
-4.0938,1.10036,0.249619357289234,0.5,0.3,Necrotic
0.471199,1.50465,0.24874352539091094,0.5,0.3,Necrotic
-2.65504,-14.4542,0.4669593378728297,0.5,0.3,Viable tumour cell
0.738829,-0.552959,0.250051596433208,0.5,0.3,Necrotic
2.94039,3.68038,0.2469356350797876,0.5,0.3,Necrotic
-4.45213,2.6985,0.2487603848543325,0.5,0.3,Necrotic
-0.389391,0.00837023,0.24988042684585604,0.5,0.3,Necrotic
0.377796,-0.257824,0.24991998407723515,0.5,0.3,Necrotic
13.2937,4.16872,0.4097218017564133,0.5,0.3,Viable tumour cell
-0.0136517,-0.687598,0.25032548150154316,0.5,0.3,Necrotic
5.16746,-15.8269,0.6367515951718123,0.5,0.3,Viable tumour cell
-0.333762,-2.06074,0.2514591858739849,0.5,0.3,Necrotic
-1.65236,-2.28967,0.2517511881065189,0.5,0.3,Necrotic
-14.5242,4.09952,0.4730720014937217,0.5,0.3,Viable tumour cell
-15.695,-2.75439,0.563450400615802,0.5,0.3,Viable tumour cell
0.253704,-0.6852,0.25026132418055747,0.5,0.3,Necrotic
10.9252,-12.2007,0.6533208187744359,0.5,0.3,Viable tumour cell
1.31815,-1.19702,0.2503611349955153,0.5,0.3,Necrotic
-0.679356,6.62597,0.2449632227942104,0.5,0.3,Necrotic
0.696721,-1.50241,0.250796444790582,0.5,0.3,Necrotic
6.62831,-6.88385,0.271147442088646,0.5,0.3,Viable tumour cell
-3.09877,2.7381,0.24858324955550196,0.5,0.3,Necrotic
14.5158,2.72666,0.46372318646490085,0.5,0.3,Viable tumour cell
-0.380008,-1.00201,0.2506127288446292,0.5,0.3,Necrotic
1.21981,-0.716533,0.25004591483923105,0.5,0.3,Necrotic
0.551186,-1.00091,0.2504222928364577,0.5,0.3,Necrotic
3.54471,-15.7183,0.5844943889745764,0.5,0.3,Viable tumour cell
-2.83635,8.73646,0.25242523049712196,0.5,0.3,Viable tumour cell
-10.8979,4.72897,0.30705847583447715,0.5,0.3,Viable tumour cell
0.313547,-0.397821,0.25003629031513697,0.5,0.3,Necrotic
-4.15972,-2.48354,0.25154897713694796,0.5,0.3,Necrotic
0.213309,-0.52905,0.25015637779615385,0.5,0.3,Necrotic
-8.85647,-11.6327,0.43967793992647236,0.5,0.3,Viable tumour cell
15.355,-5.32219,0.6195230611222041,0.5,0.3,Viable tumour cell
-1.58455,13.9123,0.41214420717251704,0.5,0.3,Viable tumour cell
-0.0298211,-3.04845,0.2523572788981374,0.5,0.3,Necrotic
-4.37029,-1.34306,0.2510822526428586,0.5,0.3,Necrotic
-0.29494,-0.985787,0.25058755967135826,0.5,0.3,Necrotic
-0.358453,-0.535955,0.25026736147267303,0.5,0.3,Necrotic
-3.54913,7.07648,0.24586755862911086,0.5,0.3,Necrotic
0.779693,-1.23786,0.2505609230080834,0.5,0.3,Necrotic
8.78109,-4.40469,0.2749599633235758,0.5,0.3,Viable tumour cell
-15.1579,12.4563,0.8742670029668959,0.5,0.3,Viable tumour cell
-10.0781,-8.51081,0.3587531487198933,0.5,0.3,Viable tumour cell
11.011,-5.86797,0.3628394017480828,0.5,0.3,Viable tumour cell
5.44925,10.6459,0.3066204781727112,0.5,0.3,Viable tumour cell
0.139314,0.0642742,0.2497466166704436,0.5,0.3,Necrotic
-4.25093,-10.8144,0.3096199819368249,0.5,0.3,Viable tumour cell
-0.462105,7.92401,0.2442278883164212,0.5,0.3,Viable tumour cell
5.70905,7.20725,0.2518567814165835,0.5,0.3,Viable tumour cell
-8.03603,-9.91074,0.34395728634876654,0.5,0.3,Viable tumour cell
-6.6673,14.9571,0.5656922342520099,0.5,0.3,Viable tumour cell
-6.76166,9.66716,0.3019260495747883,0.5,0.3,Viable tumour cell
-7.10226,6.1616,0.2542811928318064,0.5,0.3,Viable tumour cell
-4.10166,12.1081,0.3418002984232387,0.5,0.3,Viable tumour cell
-15.5297,1.50593,0.5325376816585828,0.5,0.3,Viable tumour cell
0.35512,-0.634491,0.2502000239797634,0.5,0.3,Necrotic
6.6527,1.06048,0.24826252449741423,0.5,0.3,Necrotic
-0.139641,-0.151712,0.24995178227641485,0.5,0.3,Necrotic
-0.0131448,-0.42617,0.25013362767952035,0.5,0.3,Necrotic
1.23811,-0.641066,0.24998619104133465,0.5,0.3,Necrotic
2.77746,-12.2362,0.35397986393107156,0.5,0.3,Viable tumour cell
-2.66238,-0.247438,0.250325831595024,0.5,0.3,Necrotic
0.638329,6.74477,0.24610006585592153,0.5,0.3,Necrotic
9.71069,1.83343,0.2655285692192605,0.5,0.3,Viable tumour cell
-3.16803,3.30253,0.24832567731925312,0.5,0.3,Necrotic
13.9878,-0.884252,0.41818674182899856,0.5,0.3,Viable tumour cell
-7.77985,6.88422,0.26625320944481534,0.5,0.3,Viable tumour cell
0.144234,-0.134961,0.2498838306269665,0.5,0.3,Necrotic
-9.05818,5.1604,0.26883544023722866,0.5,0.3,Viable tumour cell
-0.48668,-2.04595,0.25146409850576257,0.5,0.3,Necrotic
9.26443,-12.8376,0.581645682801925,0.5,0.3,Viable tumour cell
-0.307079,-1.64589,0.2511256566813157,0.5,0.3,Necrotic
-0.0821518,-0.523851,0.25021591463658177,0.5,0.3,Necrotic
0.334455,1.66992,0.2486670454695286,0.5,0.3,Necrotic
-15.0954,-7.18904,0.6042864921088336,0.5,0.3,Viable tumour cell
4.08257,0.295272,0.2483959520447163,0.5,0.3,Necrotic
7.96094,14.5144,0.5679927134721894,0.5,0.3,Viable tumour cell
-0.17721,-0.5953,0.2502829724747467,0.5,0.3,Necrotic
0.0774597,-0.50861,0.2501736688563576,0.5,0.3,Necrotic
-0.174256,-0.586896,0.2502763523873639,0.5,0.3,Necrotic
6.81448,14.9024,0.5506098610710336,0.5,0.3,Viable tumour cell
7.09706,-10.9353,0.38122267352872,0.5,0.3,Viable tumour cell
-2.03792,0.302701,0.24991926042079982,0.5,0.3,Necrotic
-0.0480329,-0.832566,0.25043712210334756,0.5,0.3,Necrotic
-2.00826,-5.78194,0.255345384232613,0.5,0.3,Necrotic
-0.0177823,-0.697028,0.2503330350582113,0.5,0.3,Necrotic
0.321753,-0.245634,0.24992375376530526,0.5,0.3,Necrotic
7.39862,-14.5199,0.6113279918278127,0.5,0.3,Viable tumour cell
5.10422,1.29806,0.24789884723191463,0.5,0.3,Necrotic
11.8831,-1.76804,0.33027172407968647,0.5,0.3,Viable tumour cell
-4.84039,-1.8911,0.2512851216691072,0.5,0.3,Necrotic
-0.927985,0.49955,0.24965066383867607,0.5,0.3,Necrotic
0.333444,-0.364219,0.2500069120051709,0.5,0.3,Necrotic
-10.5229,-9.37839,0.39989948912827306,0.5,0.3,Viable tumour cell
2.55898,-2.11821,0.2505668335201036,0.5,0.3,Necrotic
-2.18414,6.50717,0.24548998897084157,0.5,0.3,Necrotic
2.51862,-13.9732,0.43723088509341634,0.5,0.3,Viable tumour cell
-10.3131,15.5677,0.8071858118274097,0.5,0.3,Viable tumour cell
1.95068,-0.0293458,0.24933534372915853,0.5,0.3,Necrotic
-15.4822,-2.06953,0.5362211961192818,0.5,0.3,Viable tumour cell
1.21857,-2.71794,0.25174209861683217,0.5,0.3,Necrotic
0.190424,-0.0390996,0.24980449883909575,0.5,0.3,Necrotic
-0.423454,-0.233165,0.25005865552622714,0.5,0.3,Necrotic
1.75794,5.21812,0.2465749667749032,0.5,0.3,Necrotic
-0.0658316,-0.757612,0.2503848804312048,0.5,0.3,Necrotic
12.9876,12.5089,0.7789075845391876,0.5,0.3,Viable tumour cell
1.71648,-0.00124735,0.2493843292272609,0.5,0.3,Necrotic
0.635496,-1.11563,0.2504956509291223,0.5,0.3,Necrotic
0.0800939,-2.13203,0.2514735531901239,0.5,0.3,Necrotic
1.3207,-0.794257,0.2500664264666532,0.5,0.3,Necrotic
-0.0412543,-0.547103,0.2502266706567218,0.5,0.3,Necrotic
0.156354,-0.757231,0.25033730040051916,0.5,0.3,Necrotic
0.145799,0.147839,0.24969158814809858,0.5,0.3,Necrotic
0.235266,-0.583887,0.25019138605257873,0.5,0.3,Necrotic
-0.733708,-2.53991,0.2519277382149614,0.5,0.3,Necrotic
10.3246,-5.17838,0.3230446143416087,0.5,0.3,Viable tumour cell
-0.0641057,-0.770038,0.2503937300609861,0.5,0.3,Necrotic
0.841754,-0.295313,0.24984312523621047,0.5,0.3,Necrotic
0.189548,-0.446317,0.25010133469769286,0.5,0.3,Necrotic
-2.369,-0.718991,0.25061031187225924,0.5,0.3,Necrotic
-12.5633,2.75627,0.351788399585095,0.5,0.3,Viable tumour cell
-0.179892,-0.537806,0.2502412098589339,0.5,0.3,Necrotic
0.998666,-12.5267,0.35312310460176455,0.5,0.3,Viable tumour cell
16.7129,-1.26423,0.6282054584052608,0.5,0.3,Viable tumour cell
0.193097,-0.125642,0.2498661873027053,0.5,0.3,Necrotic
-11.1245,7.30878,0.35636701907866875,0.5,0.3,Viable tumour cell
2.74793,-15.6451,0.5648588824405166,0.5,0.3,Viable tumour cell
-6.25289,2.52876,0.24813081293224182,0.5,0.3,Necrotic
3.19796,-5.30192,0.2543307808808685,0.5,0.3,Necrotic
-0.226989,0.474501,0.24954588073989914,0.5,0.3,Necrotic
9.59587,14.5802,0.663585422910423,0.5,0.3,Viable tumour cell
-6.72484,-8.64983,0.2890282997733832,0.5,0.3,Viable tumour cell
0.14831,-0.598843,0.2502230228793926,0.5,0.3,Necrotic
-3.04635,7.95066,0.24687457913178576,0.5,0.3,Viable tumour cell
-0.0733539,-0.652542,0.2503089629644878,0.5,0.3,Necrotic
-0.053025,0.141436,0.24973501697751177,0.5,0.3,Necrotic
8.08622,7.16314,0.27919804034372875,0.5,0.3,Viable tumour cell
0.979997,-0.544236,0.24999134125333916,0.5,0.3,Necrotic
-0.40558,-1.61792,0.25111719923001685,0.5,0.3,Necrotic
4.76101,14.7287,0.48879743530013053,0.5,0.3,Viable tumour cell
5.20925,-9.17646,0.2903535194228992,0.5,0.3,Viable tumour cell
1.77197,-0.637061,0.24980556546967914,0.5,0.3,Necrotic
-0.93912,-1.2336,0.25088103050804555,0.5,0.3,Necrotic
0.231655,-0.0960405,0.24983625254216477,0.5,0.3,Necrotic
0.343084,17.2396,0.7101716010539703,0.5,0.3,Viable tumour cell
4.77726,-1.37253,0.24850735118908956,0.5,0.3,Necrotic
-2.3501,-3.80853,0.2529359170158529,0.5,0.3,Necrotic
1.5218,-2.9786,0.25187947221493323,0.5,0.3,Necrotic
1.30428,4.84889,0.24673904677478348,0.5,0.3,Necrotic
-0.328105,-0.894034,0.2505253616143686,0.5,0.3,Necrotic
0.135839,-0.458823,0.25012327297380405,0.5,0.3,Necrotic
0.542513,-1.03183,0.25044952638408524,0.5,0.3,Necrotic
0.000654704,-0.808811,0.2504121406477043,0.5,0.3,Necrotic
2.61105,12.1612,0.3277953884561307,0.5,0.3,Viable tumour cell
-1.79029,3.92328,0.2476267084154619,0.5,0.3,Necrotic
10.6301,6.6201,0.33904863162206705,0.5,0.3,Viable tumour cell
-1.05576,-0.255654,0.2501804419448446,0.5,0.3,Necrotic
0.400507,0.128848,0.24964678565427406,0.5,0.3,Necrotic
5.26598,-1.12368,0.247921662692272,0.5,0.3,Necrotic
0.0641573,-0.564996,0.25021819344407326,0.5,0.3,Necrotic
-3.976,17.1018,0.7148052717601722,0.5,0.3,Viable tumour cell
-0.116402,-0.869522,0.25047476526752066,0.5,0.3,Necrotic
-10.1439,4.79498,0.28883635211949854,0.5,0.3,Viable tumour cell
-0.741857,-0.779944,0.25050541244224855,0.5,0.3,Necrotic
-9.98555,-12.8071,0.5584123953817538,0.5,0.3,Viable tumour cell
-11.6693,-7.72421,0.3979368641751462,0.5,0.3,Viable tumour cell
13.2489,-0.783876,0.37771770357811496,0.5,0.3,Viable tumour cell
-0.231093,-0.534824,0.2502469104682174,0.5,0.3,Necrotic
-13.6257,-8.7714,0.5438807474176179,0.5,0.3,Viable tumour cell
-0.38473,2.19495,0.2484718603540648,0.5,0.3,Necrotic
4.42841,2.51928,0.24733652190741828,0.5,0.3,Necrotic
0.257263,-0.395684,0.25004809858475296,0.5,0.3,Necrotic
-3.98959,-13.2825,0.4108230851408813,0.5,0.3,Viable tumour cell
0.0684936,-0.851618,0.2504274197039214,0.5,0.3,Necrotic
0.678271,0.825048,0.24913585531189225,0.5,0.3,Necrotic
-8.12483,15.1074,0.6364827448273539,0.5,0.3,Viable tumour cell
4.70343,0.842899,0.24808278871851563,0.5,0.3,Necrotic
0.767427,-0.577135,0.25006259551446774,0.5,0.3,Necrotic
1.55501,11.754,0.30941836132012557,0.5,0.3,Viable tumour cell
-1.85872,-0.212657,0.25024159949241764,0.5,0.3,Necrotic
0.801525,-0.642241,0.25010182292252164,0.5,0.3,Necrotic
-14.0253,3.46705,0.43209655952224446,0.5,0.3,Viable tumour cell
1.90497,-0.955977,0.24997372529712047,0.5,0.3,Necrotic
0.634501,0.364153,0.24944365493901868,0.5,0.3,Necrotic
-3.87695,2.33718,0.24889466284613218,0.5,0.3,Necrotic
-0.397793,-0.239649,0.25005888486395944,0.5,0.3,Necrotic
-2.16121,-2.55098,0.2519061568726276,0.5,0.3,Necrotic
1.13113,0.32106,0.24935070832677772,0.5,0.3,Necrotic
0.435082,-6.17056,0.2563166205580712,0.5,0.3,Necrotic
0.277958,-0.506391,0.25012439119276075,0.5,0.3,Necrotic
-3.64421,18.0669,0.8370768797423815,0.5,0.3,Viable tumour cell
3.51341,-10.6972,0.3072254488653985,0.5,0.3,Viable tumour cell
15.4453,3.09079,0.5376408142060547,0.5,0.3,Viable tumour cell
3.43316,-1.19328,0.24935828906392676,0.5,0.3,Necrotic
-0.399762,-0.955075,0.250581179291275,0.5,0.3,Necrotic
-17.0057,-4.13159,0.7193173259267706,0.5,0.3,Viable tumour cell
0.743907,-0.560011,0.25005553544629405,0.5,0.3,Necrotic
-14.6224,-9.88286,0.6737286484420236,0.5,0.3,Viable tumour cell
0.0285377,-0.769035,0.25037633547084615,0.5,0.3,Necrotic
0.835745,-0.732347,0.25015901576646304,0.5,0.3,Necrotic
1.6816,0.80676,0.24889874769905349,0.5,0.3,Necrotic
-0.117605,-0.537672,0.25023151561192525,0.5,0.3,Necrotic
0.345932,0.412611,0.24947596340983347,0.5,0.3,Necrotic
0.346537,0.115395,0.24966748400925076,0.5,0.3,Necrotic
-8.06771,-15.5309,0.7122270607398034,0.5,0.3,Viable tumour cell
-0.266496,-0.396644,0.25015099981110683,0.5,0.3,Necrotic
0.312111,-0.340395,0.2499945054136671,0.5,0.3,Necrotic
-1.7857,-2.23155,0.2517010079395358,0.5,0.3,Necrotic
0.380961,-1.37301,0.25076566583753945,0.5,0.3,Necrotic
-0.247563,-0.850226,0.2504808167618141,0.5,0.3,Necrotic
-14.9291,-1.40333,0.4851282429297437,0.5,0.3,Viable tumour cell
0.476403,-1.55526,0.2508914252763035,0.5,0.3,Necrotic
-1.22257,-2.43697,0.25187260452174215,0.5,0.3,Necrotic
-6.42244,-6.28434,0.25752535422207146,0.5,0.3,Viable tumour cell
0.492017,0.0447736,0.24968017042815055,0.5,0.3,Necrotic
0.756606,-1.5817,0.25084710545377625,0.5,0.3,Necrotic
4.1511,0.479414,0.24831608380170267,0.5,0.3,Necrotic
-1.2303,-0.488819,0.25036789482489985,0.5,0.3,Necrotic
-0.479626,-1.0355,0.2506553358250493,0.5,0.3,Necrotic
-2.26009,0.837945,0.2496026789457098,0.5,0.3,Necrotic
-0.0228519,-0.368363,0.2500927179733011,0.5,0.3,Necrotic
-1.02038,-2.66642,0.25207066648243137,0.5,0.3,Necrotic
0.203829,-0.344073,0.2500229373058793,0.5,0.3,Necrotic
7.10489,15.9373,0.6512683089853756,0.5,0.3,Viable tumour cell
11.4594,6.85983,0.376125523360259,0.5,0.3,Viable tumour cell
-3.55292,-4.85853,0.25320820258469307,0.5,0.3,Necrotic
9.76488,11.3585,0.46237990740391804,0.5,0.3,Viable tumour cell
3.29025,2.95263,0.24727600373190617,0.5,0.3,Necrotic
-1.7519,-1.01109,0.2507745498664213,0.5,0.3,Necrotic
-0.140391,-1.30501,0.25082247533628266,0.5,0.3,Necrotic
-4.35723,4.99809,0.24814116810622566,0.5,0.3,Necrotic
1.01023,2.93179,0.247791307615393,0.5,0.3,Necrotic
-16.8462,2.791,0.6706318124951213,0.5,0.3,Viable tumour cell
-0.0723866,0.125549,0.24974887289949033,0.5,0.3,Necrotic
-0.164467,-0.206258,0.2499956197295066,0.5,0.3,Necrotic
1.62193,-2.13778,0.2510339471281843,0.5,0.3,Necrotic
0.0308394,0.352997,0.24957996389458403,0.5,0.3,Necrotic
-0.238613,-0.735215,0.2503950693330876,0.5,0.3,Necrotic
0.0568088,-0.701846,0.2503203287495249,0.5,0.3,Necrotic
4.63865,5.96619,0.2449960804750025,0.5,0.3,Necrotic
-14.8115,11.6257,0.7767176186597313,0.5,0.3,Viable tumour cell
-1.21159,-1.43393,0.25104790515666814,0.5,0.3,Necrotic
-0.9045,-0.55005,0.25036815451262984,0.5,0.3,Necrotic
-10.8209,-13.2215,0.6341861042247435,0.5,0.3,Viable tumour cell
7.89112,2.11993,0.249986190890062,0.5,0.3,Necrotic
0.720509,-0.784686,0.250223365243548,0.5,0.3,Necrotic
-2.24611,-0.340811,0.250349271307978,0.5,0.3,Necrotic
0.550818,-1.27117,0.25064239516814546,0.5,0.3,Necrotic
0.404369,-0.134638,0.2498253762149052,0.5,0.3,Necrotic
-0.495803,-0.200447,0.2500476770455719,0.5,0.3,Necrotic
-0.216268,-0.561445,0.25026415516291906,0.5,0.3,Necrotic
-11.0684,-14.242,0.7537269744113693,0.5,0.3,Viable tumour cell
-0.110552,-0.518222,0.2502161612184205,0.5,0.3,Necrotic
-0.493408,-0.262171,0.2500914424300883,0.5,0.3,Necrotic
1.19229,4.07972,0.24713017597778394,0.5,0.3,Necrotic
2.03151,-3.00426,0.2517083571515931,0.5,0.3,Necrotic
0.0511462,-0.500017,0.25017361900667545,0.5,0.3,Necrotic
2.36524,16.6657,0.6394004597666763,0.5,0.3,Viable tumour cell
-8.74569,11.8564,0.42983320243919687,0.5,0.3,Viable tumour cell
-0.575891,-0.0606033,0.24996135726439012,0.5,0.3,Necrotic
-1.42621,-0.507411,0.2504042940910807,0.5,0.3,Necrotic
-17.5027,0.430812,0.7430437141055154,0.5,0.3,Viable tumour cell
16.8119,-3.78885,0.7000785427874893,0.5,0.3,Viable tumour cell
-0.269935,-0.988933,0.2505860146666914,0.5,0.3,Necrotic
0.272557,-0.108524,0.24983608331854665,0.5,0.3,Necrotic
1.21435,6.67417,0.2462972963426385,0.5,0.3,Necrotic
-0.12877,-0.755415,0.25039296517339193,0.5,0.3,Necrotic
-7.86265,-5.62095,0.2627066680748953,0.5,0.3,Viable tumour cell
-0.690899,0.240106,0.24978017509967837,0.5,0.3,Necrotic
-10.2768,-6.95219,0.3286917484916443,0.5,0.3,Viable tumour cell
9.18559,-3.60733,0.27423990667708165,0.5,0.3,Viable tumour cell
-0.392039,0.310469,0.2496826181437543,0.5,0.3,Necrotic
-0.135912,-0.498445,0.2502055603756899,0.5,0.3,Necrotic
-12.6658,-11.9014,0.6370544062901937,0.5,0.3,Viable tumour cell
12.2245,3.88241,0.3544077748662107,0.5,0.3,Viable tumour cell
0.0450099,-0.765651,0.25036993871007374,0.5,0.3,Necrotic
-0.219344,-0.678946,0.2503508235688663,0.5,0.3,Necrotic
0.593322,-0.0613606,0.2497303461144979,0.5,0.3,Necrotic
0.145646,-0.10983,0.249865427219854,0.5,0.3,Necrotic
0.0205449,-0.489484,0.25017316481219976,0.5,0.3,Necrotic
10.038,2.51131,0.27337485747157664,0.5,0.3,Viable tumour cell
0.441187,1.28482,0.24888887704864676,0.5,0.3,Necrotic
6.67173,-11.6431,0.4015921789687503,0.5,0.3,Viable tumour cell
-11.6449,-13.5167,0.7121302695423744,0.5,0.3,Viable tumour cell
9.22443,5.36974,0.2804912169646286,0.5,0.3,Viable tumour cell
3.67484,1.17751,0.24815852266839733,0.5,0.3,Necrotic
1.07031,0.326618,0.24936512071767347,0.5,0.3,Necrotic
-2.24762,-2.06045,0.2515282476741329,0.5,0.3,Necrotic
2.76124,2.8609,0.24744916284189555,0.5,0.3,Necrotic
-0.932763,-0.574499,0.25039051178392496,0.5,0.3,Necrotic
-0.571548,-0.307091,0.2501370257189534,0.5,0.3,Necrotic
5.83286,9.90065,0.29236240201871233,0.5,0.3,Viable tumour cell
0.37386,-0.385273,0.25001275136218803,0.5,0.3,Necrotic
-0.833234,-0.64368,0.25042291498220515,0.5,0.3,Necrotic
-5.33219,4.19002,0.24874503025837436,0.5,0.3,Necrotic
2.3782,-2.65822,0.25117346913683036,0.5,0.3,Necrotic
-10.5443,11.513,0.48664833869720214,0.5,0.3,Viable tumour cell
1.38869,-2.01532,0.2510022933844995,0.5,0.3,Necrotic
0.962004,-0.582563,0.25002295312992695,0.5,0.3,Necrotic
7.54572,-5.38468,0.2653545764086535,0.5,0.3,Viable tumour cell
4.53161,1.43732,0.24785609324654562,0.5,0.3,Necrotic
0.182281,-0.648087,0.2502510738522294,0.5,0.3,Necrotic
0.382724,-0.508837,0.2501012876655097,0.5,0.3,Necrotic
-0.103591,0.573639,0.2494589652458823,0.5,0.3,Necrotic
0.818236,3.94751,0.24725242144176784,0.5,0.3,Necrotic
9.7229,3.79358,0.27578589067404163,0.5,0.3,Viable tumour cell
-8.27779,5.19422,0.2593507637231589,0.5,0.3,Viable tumour cell
0.402906,-1.33061,0.2507259339413781,0.5,0.3,Necrotic
12.6146,-0.105601,0.34759920085478574,0.5,0.3,Viable tumour cell
3.37134,16.8793,0.6626607904793629,0.5,0.3,Viable tumour cell
0.700745,-0.409809,0.24995709079885953,0.5,0.3,Necrotic
0.651756,0.359873,0.2494425355469423,0.5,0.3,Necrotic
-4.26312,9.54519,0.26978270006540384,0.5,0.3,Viable tumour cell
-7.57999,-1.01853,0.2534409493988203,0.5,0.3,Necrotic
-3.85432,-3.8918,0.2523221968665884,0.5,0.3,Necrotic
-0.0705708,-0.449254,0.2501594088039344,0.5,0.3,Necrotic
0.115485,-0.611978,0.25024045951094037,0.5,0.3,Necrotic
15.9197,4.69729,0.620663688032854,0.5,0.3,Viable tumour cell
3.86714,1.79556,0.247823961079633,0.5,0.3,Necrotic
12.5098,-6.75138,0.4670147078459239,0.5,0.3,Viable tumour cell
-2.40313,15.6637,0.5517799208148229,0.5,0.3,Viable tumour cell
0.0763427,0.254101,0.24963580730305523,0.5,0.3,Necrotic
1.20592,2.28064,0.24813123905350856,0.5,0.3,Necrotic
0.0790958,-1.68882,0.25109449715457044,0.5,0.3,Necrotic
0.184064,-0.980578,0.2504945554778348,0.5,0.3,Necrotic
7.96838,-14.8764,0.6759583948545201,0.5,0.3,Viable tumour cell
13.072,3.17309,0.3840573895602607,0.5,0.3,Viable tumour cell
2.1909,1.34119,0.2484519521680989,0.5,0.3,Necrotic
2.38541,0.237337,0.24903692928201385,0.5,0.3,Necrotic
-1.6142,-0.954286,0.25072464170998565,0.5,0.3,Necrotic
-3.24272,13.0196,0.37212039450939743,0.5,0.3,Viable tumour cell
0.29685,-0.930688,0.25043115265849647,0.5,0.3,Necrotic
0.599325,-0.688387,0.2501815231946787,0.5,0.3,Necrotic
-10.3981,1.04422,0.2762240075371201,0.5,0.3,Viable tumour cell
-17.7925,2.69265,0.7934316067844038,0.5,0.3,Viable tumour cell
2.92289,4.95439,0.24628853650253119,0.5,0.3,Necrotic
5.3063,-0.352006,0.2479964818245947,0.5,0.3,Necrotic
0.318879,-0.447259,0.25007128932847716,0.5,0.3,Necrotic
1.08018,2.49796,0.24803086023462106,0.5,0.3,Necrotic
-15.2136,10.8415,0.7609964247500145,0.5,0.3,Viable tumour cell
0.112718,-0.333726,0.25003700016888053,0.5,0.3,Necrotic
0.456986,-0.194642,0.24985678619227097,0.5,0.3,Necrotic
11.7276,-5.86523,0.39325506529279675,0.5,0.3,Viable tumour cell
-0.337728,-0.811498,0.2504662984796511,0.5,0.3,Necrotic
0.987522,1.30512,0.24876946817344936,0.5,0.3,Necrotic
-7.8023,2.80672,0.24881494725109682,0.5,0.3,Viable tumour cell
-0.724874,0.908464,0.24934685341114624,0.5,0.3,Necrotic
0.258258,-2.78474,0.2520474773868029,0.5,0.3,Necrotic
2.29045,4.96534,0.24650558945242396,0.5,0.3,Necrotic
-2.44819,-2.84337,0.25208099532861683,0.5,0.3,Necrotic
2.80888,-8.20445,0.26125064260633946,0.5,0.3,Viable tumour cell
-4.66011,-10.003,0.29247221597438294,0.5,0.3,Viable tumour cell
-0.0106625,-4.10869,0.2535290328293923,0.5,0.3,Necrotic
4.52588,-1.13686,0.24860457176312117,0.5,0.3,Necrotic
0.274905,-0.301078,0.24997450588544629,0.5,0.3,Necrotic
-16.7485,0.384136,0.6516530434191637,0.5,0.3,Viable tumour cell
0.542523,-3.55419,0.252798489258078,0.5,0.3,Necrotic
0.730593,-0.696691,0.25015688713759293,0.5,0.3,Necrotic
0.92862,-0.468701,0.24994847568696593,0.5,0.3,Necrotic
0.912194,-0.682099,0.2501057399159396,0.5,0.3,Necrotic
1.01827,4.4009,0.24700243402138217,0.5,0.3,Necrotic
-0.511189,-2.28429,0.25167671136353054,0.5,0.3,Necrotic
-16.2291,-1.24877,0.6008867166193035,0.5,0.3,Viable tumour cell
0.0980759,0.17044,0.2496864905705239,0.5,0.3,Necrotic
3.10775,2.87806,0.24736115983914242,0.5,0.3,Necrotic
-8.76632,0.397818,0.25546119437016546,0.5,0.3,Viable tumour cell
-0.217986,-0.517006,0.2502318203273705,0.5,0.3,Necrotic
-0.89328,-1.11406,0.25078274842073134,0.5,0.3,Necrotic
0.136052,-0.729653,0.25032189477063216,0.5,0.3,Necrotic
0.581631,-1.97018,0.25120545418133244,0.5,0.3,Necrotic
-0.344661,-0.658574,0.2503551861174727,0.5,0.3,Necrotic
0.137233,-0.617425,0.2502392872394116,0.5,0.3,Necrotic
1.46218,-1.36339,0.2504430950615489,0.5,0.3,Necrotic
0.212471,0.498385,0.24944683152449357,0.5,0.3,Necrotic
-0.509799,-1.37413,0.2509356585156159,0.5,0.3,Necrotic
0.174213,-0.725063,0.2503094583171707,0.5,0.3,Necrotic
-0.035585,-0.632315,0.2502883063041534,0.5,0.3,Necrotic
0.280455,-0.447488,0.2500805889486025,0.5,0.3,Necrotic
-0.285242,-0.257137,0.25005205224011434,0.5,0.3,Necrotic
4.27263,-5.01247,0.25303461781844366,0.5,0.3,Necrotic
3.62038,-1.8194,0.24962398138042127,0.5,0.3,Necrotic
0.757415,14.8132,0.4668596095905815,0.5,0.3,Viable tumour cell
0.756293,-1.02937,0.25039671737883296,0.5,0.3,Necrotic
1.8129,4.69547,0.24674598510166645,0.5,0.3,Necrotic
0.358672,8.05373,0.24554548308516566,0.5,0.3,Necrotic
-0.482832,-0.613432,0.2503433582256772,0.5,0.3,Necrotic
-3.69787,-2.24219,0.25154923999340556,0.5,0.3,Necrotic
-0.165336,-0.968643,0.25055501611120534,0.5,0.3,Necrotic
-3.57564,-12.3505,0.35746680971292866,0.5,0.3,Viable tumour cell
-0.963013,-1.54184,0.2511233979676134,0.5,0.3,Necrotic
2.05886,6.74687,0.246481304902483,0.5,0.3,Necrotic
-0.608133,-5.0663,0.25471881344428465,0.5,0.3,Necrotic
-1.67229,-2.47163,0.25189855927499083,0.5,0.3,Necrotic
-1.16466,-0.363267,0.25027029883540636,0.5,0.3,Necrotic
-7.71628,-16.3501,0.781788318305749,0.5,0.3,Viable tumour cell
0.272097,-0.491769,0.25011505850149857,0.5,0.3,Necrotic
-9.25881,10.0316,0.3675062062986123,0.5,0.3,Viable tumour cell
-13.0169,-10.5174,0.5772739992545246,0.5,0.3,Viable tumour cell
-3.12914,1.05821,0.24956354302589573,0.5,0.3,Necrotic
-0.983497,-0.808932,0.2505670212656569,0.5,0.3,Necrotic
-0.395718,-1.09878,0.2506939245637451,0.5,0.3,Necrotic
-3.04789,-0.465855,0.25049807647107497,0.5,0.3,Necrotic
0.0965275,-0.435566,0.25011555474194225,0.5,0.3,Necrotic
0.490108,-0.248721,0.24988829539406024,0.5,0.3,Necrotic
-2.56545,-3.37721,0.25252643443307,0.5,0.3,Necrotic
-0.194843,-0.377287,0.25012576131630687,0.5,0.3,Necrotic
-0.356396,-0.927051,0.2505539404774495,0.5,0.3,Necrotic
-0.466731,-0.197653,0.2500406794045964,0.5,0.3,Necrotic
0.0866653,-0.406757,0.2500967650875461,0.5,0.3,Necrotic
-0.348139,-0.552234,0.25027771390754244,0.5,0.3,Necrotic
1.23681,1.68412,0.2484832423173986,0.5,0.3,Necrotic
-0.169777,0.108074,0.24977723702675036,0.5,0.3,Necrotic
-1.92782,3.03489,0.24820731169277088,0.5,0.3,Necrotic
-11.0283,-8.74389,0.39903874853400584,0.5,0.3,Viable tumour cell
-0.159698,-0.746852,0.2503914482283592,0.5,0.3,Necrotic
-0.464778,-0.493759,0.2502527880180716,0.5,0.3,Necrotic
0.027579,-0.785569,0.25038869195167224,0.5,0.3,Necrotic
-16.3431,-4.55781,0.6573855755526845,0.5,0.3,Viable tumour cell
-0.242226,3.63269,0.2475718144085499,0.5,0.3,Necrotic
1.37357,2.57971,0.24791940012006847,0.5,0.3,Necrotic
0.314105,-0.345333,0.24999765405259602,0.5,0.3,Necrotic
3.74967,-8.17914,0.2641067631284015,0.5,0.3,Viable tumour cell
0.807845,-1.98452,0.25116395324536556,0.5,0.3,Necrotic
0.143147,-0.322152,0.2500212783280157,0.5,0.3,Necrotic
1.17916,0.516635,0.2492112118971304,0.5,0.3,Necrotic
0.876403,-0.73156,0.2501493490533949,0.5,0.3,Necrotic
-0.0794658,-0.049446,0.24986802814221848,0.5,0.3,Necrotic
-1.83885,8.76261,0.2503267677368499,0.5,0.3,Viable tumour cell
2.35456,-1.81638,0.25043839654938077,0.5,0.3,Necrotic
-3.6564,-3.32823,0.2520870594627881,0.5,0.3,Necrotic
11.6772,-12.3464,0.7319346239845915,0.5,0.3,Viable tumour cell
-2.71213,-5.90308,0.25502184187610377,0.5,0.3,Necrotic
-4.10825,5.5694,0.24760264822810027,0.5,0.3,Necrotic
-10.2563,4.12106,0.28484674707837093,0.5,0.3,Viable tumour cell
18.2332,-0.19631,0.7789131941097907,0.5,0.3,Viable tumour cell
0.166733,0.0472444,0.24975139087050222,0.5,0.3,Necrotic
1.16886,-1.35734,0.25054416571056504,0.5,0.3,Necrotic
1.68809,-0.538199,0.24976812601252413,0.5,0.3,Necrotic
0.368061,-0.0125163,0.24974560820941666,0.5,0.3,Necrotic
0.901109,-2.1626,0.25131129153333676,0.5,0.3,Necrotic
-1.97164,-0.702908,0.2505828208686792,0.5,0.3,Necrotic
0.0928237,-0.597383,0.250235139240492,0.5,0.3,Necrotic
4.18481,0.150823,0.24842179174910167,0.5,0.3,Necrotic
0.34067,-0.887049,0.25038872658676575,0.5,0.3,Necrotic
3.89421,-1.79546,0.2494170077003901,0.5,0.3,Necrotic
-4.68949,-2.5529,0.2514628808763584,0.5,0.3,Necrotic
-2.49275,-2.47707,0.25178557111029287,0.5,0.3,Necrotic
2.43705,-2.38988,0.25088337867324034,0.5,0.3,Necrotic
-0.84716,0.167575,0.24985464094751514,0.5,0.3,Necrotic
-0.542985,-0.211684,0.2500638307237291,0.5,0.3,Necrotic
-0.392643,1.39073,0.24898104858950504,0.5,0.3,Necrotic
-0.461567,0.0751226,0.2498490262955661,0.5,0.3,Necrotic
-1.44353,-0.0453253,0.2500756145133075,0.5,0.3,Necrotic
-3.78931,-0.934169,0.2508226188490986,0.5,0.3,Necrotic
0.490421,0.0520411,0.24967587157957705,0.5,0.3,Necrotic
2.15708,-2.30207,0.2509600321211188,0.5,0.3,Necrotic
-15.2955,0.122399,0.509831363010114,0.5,0.3,Viable tumour cell
7.55738,11.8068,0.39762081740863775,0.5,0.3,Viable tumour cell
4.9188,2.05024,0.2476097187741286,0.5,0.3,Necrotic
-2.89895,-7.18644,0.25708125065805276,0.5,0.3,Necrotic
0.174413,-1.34127,0.2507889165028554,0.5,0.3,Necrotic
6.18416,-2.43476,0.24707022190140995,0.5,0.3,Necrotic
-7.23638,11.2367,0.36077794372564953,0.5,0.3,Viable tumour cell
-2.49836,0.419404,0.24989755022525165,0.5,0.3,Necrotic
-0.317322,-0.779475,0.25043966360617664,0.5,0.3,Necrotic
3.17392,1.1335,0.24831272110128366,0.5,0.3,Necrotic
3.17713,-1.87603,0.24999732726731239,0.5,0.3,Necrotic
-0.952741,0.39201,0.24972549754204176,0.5,0.3,Necrotic
-0.409469,-0.685699,0.2503850688171286,0.5,0.3,Necrotic
-1.6793,-3.00595,0.2523202452729467,0.5,0.3,Necrotic
1.10755,0.424462,0.249291428881454,0.5,0.3,Necrotic
-0.0270925,0.583023,0.24943940854705762,0.5,0.3,Necrotic
-0.599912,-0.938385,0.25059977124424765,0.5,0.3,Necrotic
1.82868,1.80656,0.2482792806228163,0.5,0.3,Necrotic
-0.113412,-0.766401,0.2503986581395653,0.5,0.3,Necrotic
0.317169,0.244879,0.24959109716559702,0.5,0.3,Necrotic
-4.14,2.09717,0.2490322546313369,0.5,0.3,Necrotic
-1.39006,8.07084,0.24447939825369458,0.5,0.3,Viable tumour cell
0.0681898,-0.384054,0.25008450180539155,0.5,0.3,Necrotic
-6.73303,-0.769833,0.25179254975165044,0.5,0.3,Necrotic
-6.91694,3.80791,0.248732586730437,0.5,0.3,Necrotic
-0.442858,-0.428153,0.25020154722035487,0.5,0.3,Necrotic
-0.964283,-1.59553,0.25116527795656074,0.5,0.3,Necrotic
1.11023,8.14346,0.2472978014400408,0.5,0.3,Necrotic
0.0624758,-0.738576,0.2503459263347914,0.5,0.3,Necrotic
0.113412,-1.56134,0.25098256539693276,0.5,0.3,Necrotic
-0.609239,-1.02777,0.2506690152391461,0.5,0.3,Necrotic
-0.287324,-0.706296,0.2503813598162993,0.5,0.3,Necrotic
11.3699,14.2204,0.7666364008569707,0.5,0.3,Viable tumour cell
-1.10814,-0.781587,0.2505630338522846,0.5,0.3,Necrotic
-3.72649,6.30954,0.24659363393356445,0.5,0.3,Necrotic
-1.29508,-0.252313,0.25020626122928946,0.5,0.3,Necrotic
6.02436,-5.96796,0.25654129825020705,0.5,0.3,Viable tumour cell
-0.10745,0.10247,0.2497702000760265,0.5,0.3,Necrotic
0.171294,-0.779128,0.2503498123714346,0.5,0.3,Necrotic
0.173529,-1.14447,0.250628913993833,0.5,0.3,Necrotic
4.03416,0.101776,0.24847559818666817,0.5,0.3,Necrotic
0.533575,0.0598864,0.24966118643738583,0.5,0.3,Necrotic
1.09581,-0.965568,0.25025879835575204,0.5,0.3,Necrotic
-3.55665,14.6024,0.4739619340834722,0.5,0.3,Viable tumour cell
-0.746686,-1.29219,0.2509040116695975,0.5,0.3,Necrotic
-0.188831,-0.429418,0.2501630769436854,0.5,0.3,Necrotic
-5.98201,4.09126,0.2490182625393923,0.5,0.3,Necrotic
-0.911388,-1.55748,0.25112950545873436,0.5,0.3,Necrotic
-5.79082,-13.6896,0.4693940233912349,0.5,0.3,Viable tumour cell
8.91165,4.52516,0.26732593261558035,0.5,0.3,Viable tumour cell
3.22966,2.16939,0.24774459320598327,0.5,0.3,Necrotic
0.217464,-1.66484,0.25104209775439457,0.5,0.3,Necrotic
-0.0120685,-0.544355,0.2502201587144934,0.5,0.3,Necrotic
0.0204885,2.52976,0.24819908744303407,0.5,0.3,Necrotic
7.86683,-2.13081,0.24840467587538592,0.5,0.3,Viable tumour cell
0.303326,-0.137432,0.24985000250072795,0.5,0.3,Necrotic
-9.24544,7.68953,0.3070743374987064,0.5,0.3,Viable tumour cell
7.30383,14.2426,0.5231756682161266,0.5,0.3,Viable tumour cell
0.582869,-0.763982,0.2502408883557065,0.5,0.3,Necrotic
0.775619,0.191131,0.24952292556110062,0.5,0.3,Necrotic
4.31981,5.09259,0.2452307266045677,0.5,0.3,Necrotic
13.7169,-1.62984,0.4112607437562629,0.5,0.3,Viable tumour cell
-9.70493,-3.52184,0.2746145317751444,0.5,0.3,Viable tumour cell
0.274067,1.1761,0.2489920365107764,0.5,0.3,Necrotic
0.642644,-3.10176,0.25227984737847414,0.5,0.3,Necrotic
-1.41853,-1.10961,0.25081853816028643,0.5,0.3,Necrotic
-12.7536,7.69408,0.4376014697505497,0.5,0.3,Viable tumour cell
0.310461,-0.445942,0.2500723236438913,0.5,0.3,Necrotic
12.2374,6.15819,0.3942814433269079,0.5,0.3,Viable tumour cell
-0.430877,1.45266,0.24894851521613917,0.5,0.3,Necrotic
0.215324,-1.63006,0.25101429084233895,0.5,0.3,Necrotic
6.26762,-10.8627,0.35845513667877993,0.5,0.3,Viable tumour cell
-0.0330578,-0.720765,0.25035280113869934,0.5,0.3,Necrotic
2.13578,4.08623,0.24694288530251918,0.5,0.3,Necrotic
1.93322,2.13559,0.24806040504501606,0.5,0.3,Necrotic
1.45615,-0.989628,0.25015085516730223,0.5,0.3,Necrotic
1.44314,-0.105296,0.2495399921101472,0.5,0.3,Necrotic
-1.31322,0.216136,0.24988596704225163,0.5,0.3,Necrotic
1.10698,-0.361075,0.2498234244309996,0.5,0.3,Necrotic
-10.0089,-10.2803,0.41364865169430043,0.5,0.3,Viable tumour cell
0.18138,-0.221919,0.24993866431680561,0.5,0.3,Necrotic
-0.249331,0.455052,0.24956260600479918,0.5,0.3,Necrotic
-3.85693,-2.68411,0.2517252895021126,0.5,0.3,Necrotic
8.26323,0.833448,0.25052600934265157,0.5,0.3,Viable tumour cell
0.0930034,-0.306624,0.2500218047808236,0.5,0.3,Necrotic
-0.325728,-0.247438,0.2500520706503033,0.5,0.3,Necrotic
-4.90046,1.09268,0.2496701013744611,0.5,0.3,Necrotic
0.326457,-0.564883,0.25015577320736604,0.5,0.3,Necrotic
-0.322967,-0.646925,0.25034329866200883,0.5,0.3,Necrotic
3.19521,-3.53088,0.2516275024804612,0.5,0.3,Necrotic
0.363677,-0.0309072,0.249759825886616,0.5,0.3,Necrotic
-2.64324,-5.20689,0.254220004181482,0.5,0.3,Necrotic
-3.17033,-1.77487,0.25129313499822625,0.5,0.3,Necrotic
1.31433,1.51158,0.24857239870543513,0.5,0.3,Necrotic
-0.0014908,-0.622419,0.2502757944850929,0.5,0.3,Necrotic
-0.971,-1.0108,0.25071093189886096,0.5,0.3,Necrotic
1.49332,0.161661,0.249345804121839,0.5,0.3,Necrotic
-3.40706,1.43338,0.24936345497291315,0.5,0.3,Necrotic
8.33386,-3.70923,0.26098291396690004,0.5,0.3,Viable tumour cell
0.13108,-1.3544,0.25080990562870115,0.5,0.3,Necrotic
-4.56367,1.46352,0.2494267264205023,0.5,0.3,Necrotic
0.753065,-0.384038,0.24992683294127266,0.5,0.3,Necrotic
2.28435,2.32318,0.24787115585691188,0.5,0.3,Necrotic
-1.96878,7.18559,0.24492751044646888,0.5,0.3,Necrotic
2.67156,-1.68167,0.2501706303651392,0.5,0.3,Necrotic
0.068856,-0.459491,0.25013968162815425,0.5,0.3,Necrotic
-0.34635,0.871047,0.24930535644467744,0.5,0.3,Necrotic
-0.0148468,-2.28459,0.2516339280386118,0.5,0.3,Necrotic
0.736259,-1.84091,0.2510635307331351,0.5,0.3,Necrotic
-0.183434,-0.626557,0.2503068601229604,0.5,0.3,Necrotic
-0.405899,-0.595279,0.25031818966725466,0.5,0.3,Necrotic
-4.58441,-5.94659,0.25358935434266366,0.5,0.3,Necrotic
0.720447,0.995675,0.24901472385882212,0.5,0.3,Necrotic
8.76688,-9.53094,0.38399849968211686,0.5,0.3,Viable tumour cell
3.98962,-0.0940549,0.24856261411437364,0.5,0.3,Necrotic
1.49345,2.30971,0.24805197774443502,0.5,0.3,Necrotic
0.255143,-0.466573,0.25010060470897294,0.5,0.3,Necrotic
-12.4178,-5.41813,0.3851705650820644,0.5,0.3,Viable tumour cell
4.62595,-4.14218,0.2510114321663247,0.5,0.3,Necrotic
0.868136,3.06154,0.2477375947848708,0.5,0.3,Necrotic
5.90025,-16.6003,0.7449346535069465,0.5,0.3,Viable tumour cell
0.972899,0.180267,0.24948573197766094,0.5,0.3,Necrotic
-0.118333,-0.590796,0.2502705973994301,0.5,0.3,Necrotic
-0.757264,15.5722,0.5358653925165868,0.5,0.3,Viable tumour cell
0.897377,-0.242655,0.24979277667867839,0.5,0.3,Necrotic
0.458493,-0.892058,0.2503643994425463,0.5,0.3,Necrotic
2.2361,-1.26695,0.250072437204215,0.5,0.3,Necrotic
0.174536,0.05482,0.2497447907211397,0.5,0.3,Necrotic
15.6839,10.4562,0.8523232979301933,0.5,0.3,Viable tumour cell
1.34593,-0.463586,0.249826590910144,0.5,0.3,Necrotic
0.0677888,-1.67535,0.2510862229000642,0.5,0.3,Necrotic
-9.8293,14.1384,0.6253365624422521,0.5,0.3,Viable tumour cell
-0.0844743,-1.13329,0.2506740717029382,0.5,0.3,Necrotic
0.0250543,1.03155,0.2491346951709946,0.5,0.3,Necrotic
0.32932,0.855001,0.2491877699364473,0.5,0.3,Necrotic
-3.83435,0.630615,0.24988897032552032,0.5,0.3,Necrotic
0.0500006,-1.74697,0.25114875137808773,0.5,0.3,Necrotic
-17.2408,-3.27563,0.733025256029896,0.5,0.3,Viable tumour cell
-9.78867,5.90826,0.2918842323872545,0.5,0.3,Viable tumour cell
0.024189,-1.76973,0.2511734159144016,0.5,0.3,Necrotic
-7.27721,-12.0475,0.4113409441170465,0.5,0.3,Viable tumour cell
0.0718346,-2.38949,0.2517162703036321,0.5,0.3,Necrotic
2.43212,-1.92324,0.2504722185709001,0.5,0.3,Necrotic
-0.0117144,-0.124978,0.24991246228877173,0.5,0.3,Necrotic
-2.04529,0.468999,0.24981354092681798,0.5,0.3,Necrotic
-11.5104,-10.9451,0.5113091087611981,0.5,0.3,Viable tumour cell
-3.29936,2.44899,0.24876268130940693,0.5,0.3,Necrotic
0.946698,-8.29668,0.2596504204974222,0.5,0.3,Viable tumour cell
4.47354,-15.8372,0.6162980258279587,0.5,0.3,Viable tumour cell
4.3663,-0.184331,0.24837792660164815,0.5,0.3,Necrotic
3.50612,6.96436,0.24635755168322154,0.5,0.3,Necrotic
-3.31542,-16.3128,0.6313406530223605,0.5,0.3,Viable tumour cell
0.172544,-1.01864,0.2505267126749756,0.5,0.3,Necrotic
1.17306,0.259709,0.2493776254603919,0.5,0.3,Necrotic
4.76816,-0.880882,0.24830336912931564,0.5,0.3,Necrotic
0.605742,-1.69187,0.25097254325940255,0.5,0.3,Necrotic
12.3833,10.8038,0.5886363827257919,0.5,0.3,Viable tumour cell
1.72,-0.909013,0.250005913245136,0.5,0.3,Necrotic
1.34429,0.843077,0.24896166498453284,0.5,0.3,Necrotic
7.37049,-10.0207,0.35587626787612026,0.5,0.3,Viable tumour cell
-0.236458,-0.553605,0.2502615141158089,0.5,0.3,Necrotic
1.36512,3.39071,0.2474733808279601,0.5,0.3,Necrotic
-3.64674,-6.15045,0.25445984359643237,0.5,0.3,Necrotic
-1.14069,1.22734,0.24921153278786864,0.5,0.3,Necrotic
2.78767,8.28963,0.24892369085011945,0.5,0.3,Viable tumour cell
1.12451,-0.494483,0.2499142623689793,0.5,0.3,Necrotic
-4.32533,-2.86446,0.25168041052988865,0.5,0.3,Necrotic
-1.4825,-1.84266,0.25137074702866485,0.5,0.3,Necrotic
-8.18645,-4.09957,0.25746775577722103,0.5,0.3,Viable tumour cell
0.15881,-1.08711,0.2505857150508716,0.5,0.3,Necrotic
-12.0229,1.2374,0.32302179727334956,0.5,0.3,Viable tumour cell
0.743369,3.45967,0.24752845497023093,0.5,0.3,Necrotic
-0.731059,-0.879209,0.25057656678283147,0.5,0.3,Necrotic
1.58757,2.15056,0.2481250489567327,0.5,0.3,Necrotic
-3.60684,8.70195,0.2541067870149204,0.5,0.3,Viable tumour cell
-11.6751,5.58154,0.3456902568621059,0.5,0.3,Viable tumour cell
4.39309,0.317057,0.24831259569489736,0.5,0.3,Necrotic
8.34379,17.1989,0.8411496789782328,0.5,0.3,Viable tumour cell
-0.235011,-0.516665,0.25023419328600216,0.5,0.3,Necrotic
-0.353502,0.0432448,0.2498513691024112,0.5,0.3,Necrotic
-4.82925,-4.56823,0.2518768930485043,0.5,0.3,Necrotic
4.25536,1.91262,0.24770937256458447,0.5,0.3,Necrotic
0.150213,-0.746029,0.25033054205040584,0.5,0.3,Necrotic
4.10421,-14.1459,0.4742316089194818,0.5,0.3,Viable tumour cell
-0.989888,-0.821408,0.2505770491930036,0.5,0.3,Necrotic
-1.26283,-1.43864,0.25105254025709023,0.5,0.3,Necrotic
0.114873,-0.658453,0.2502746977815593,0.5,0.3,Necrotic
1.90223,2.67205,0.24776200547529723,0.5,0.3,Necrotic
0.240223,-0.0612493,0.24980929478784353,0.5,0.3,Necrotic
-0.671855,-0.0286147,0.24995496044887544,0.5,0.3,Necrotic
6.28207,-0.765186,0.24698576004987818,0.5,0.3,Necrotic
0.922294,-1.14465,0.2504512755338336,0.5,0.3,Necrotic
-0.110259,-0.256191,0.25002389824320914,0.5,0.3,Necrotic
0.0146582,-0.507232,0.25018758327428503,0.5,0.3,Necrotic
0.300821,0.0280922,0.24973365063154662,0.5,0.3,Necrotic
-0.585594,-2.0796,0.2515052987039115,0.5,0.3,Necrotic
0.0608728,-0.491563,0.25016510615804943,0.5,0.3,Necrotic
-6.21793,-12.8702,0.42726754457096294,0.5,0.3,Viable tumour cell
-3.32348,-2.32556,0.2516328691995622,0.5,0.3,Necrotic
1.49832,0.0886353,0.24939111276095471,0.5,0.3,Necrotic
0.309349,0.422861,0.24947671969009272,0.5,0.3,Necrotic
-1.39672,-5.33929,0.2549360504593097,0.5,0.3,Necrotic
2.80553,0.415155,0.2487921483103844,0.5,0.3,Necrotic
3.50526,0.198449,0.2486226267758532,0.5,0.3,Necrotic
0.557158,2.35814,0.24821270177181787,0.5,0.3,Necrotic
0.99526,0.26941,0.2494236136788649,0.5,0.3,Necrotic
0.14067,0.0426202,0.24976018688710033,0.5,0.3,Necrotic
0.930678,-0.410445,0.24990608650876006,0.5,0.3,Necrotic
4.44995,-1.94877,0.24899636798963445,0.5,0.3,Necrotic
-1.29247,0.43405,0.24974050586804694,0.5,0.3,Necrotic
10.0557,-9.0234,0.41932122422968265,0.5,0.3,Viable tumour cell
0.0987203,-0.471444,0.25014135245712826,0.5,0.3,Necrotic
-5.27,-2.97231,0.2515094815507735,0.5,0.3,Necrotic
-2.93578,0.0512523,0.2501668339593775,0.5,0.3,Necrotic
3.28008,-2.0592,0.25006259532592845,0.5,0.3,Necrotic
-0.216654,-0.501725,0.25022040582652383,0.5,0.3,Necrotic
0.181515,-0.541781,0.2501732732060311,0.5,0.3,Necrotic
5.63134,-5.14259,0.2523086795194267,0.5,0.3,Necrotic
-3.40048,-10.6281,0.2977830866376654,0.5,0.3,Viable tumour cell
0.630701,0.268223,0.24950596810177322,0.5,0.3,Necrotic
3.03908,-2.28645,0.2504531422769881,0.5,0.3,Necrotic
-0.418806,0.516696,0.24955159399156143,0.5,0.3,Necrotic
-0.291142,-1.17445,0.2507394158745806,0.5,0.3,Necrotic
0.855555,-2.20276,0.25136068806294853,0.5,0.3,Necrotic
3.02009,3.10562,0.24724297931707317,0.5,0.3,Necrotic
-0.791627,3.34376,0.24782889898396732,0.5,0.3,Necrotic
0.668194,4.22927,0.24712621514919664,0.5,0.3,Necrotic
11.5825,11.4569,0.5742106380008178,0.5,0.3,Viable tumour cell
1.27151,3.93783,0.2471895860316346,0.5,0.3,Necrotic
0.361201,-0.846802,0.25035432332286345,0.5,0.3,Necrotic
7.53089,7.77767,0.27999736315053436,0.5,0.3,Viable tumour cell
9.24481,1.0847,0.258129168137224,0.5,0.3,Viable tumour cell
-0.763502,-1.38349,0.25097694166104256,0.5,0.3,Necrotic
6.0565,3.58685,0.24651371361341562,0.5,0.3,Necrotic
-0.922921,-0.518396,0.2503486666118186,0.5,0.3,Necrotic
1.89373,4.24554,0.24693109140110947,0.5,0.3,Necrotic
-7.90339,-1.76683,0.2530497022488395,0.5,0.3,Necrotic
0.0256178,-1.35248,0.2508334069237366,0.5,0.3,Necrotic
-0.197114,-0.743046,0.2503944206347411,0.5,0.3,Necrotic
-0.0486245,4.08164,0.24726091482092627,0.5,0.3,Necrotic
-10.5407,0.259597,0.28052462417852286,0.5,0.3,Viable tumour cell
3.67522,-1.37528,0.24931530311904404,0.5,0.3,Necrotic
3.91243,0.596376,0.2483240842906989,0.5,0.3,Necrotic
-7.32105,-2.38339,0.2519735712059553,0.5,0.3,Viable tumour cell
-0.029184,0.238908,0.24966660025366316,0.5,0.3,Necrotic
0.581012,0.280043,0.2495095157110891,0.5,0.3,Necrotic
-9.83932,-11.7602,0.4823743191805938,0.5,0.3,Viable tumour cell
-15.7244,3.6946,0.5651952988266559,0.5,0.3,Viable tumour cell
-1.56274,4.57175,0.24711877468136426,0.5,0.3,Necrotic
4.76916,-9.98063,0.3031005213633359,0.5,0.3,Viable tumour cell
-2.42139,4.04697,0.24770101017873097,0.5,0.3,Necrotic
-3.01476,1.54496,0.24926090252670074,0.5,0.3,Necrotic
0.721206,0.0577289,0.24962057423115908,0.5,0.3,Necrotic
0.128369,18.1027,0.8292370067302807,0.5,0.3,Viable tumour cell
4.1056,6.47056,0.2456593703803165,0.5,0.3,Necrotic
-11.7899,10.5702,0.4982155125398057,0.5,0.3,Viable tumour cell
-2.68718,-1.50381,0.2511558445520078,0.5,0.3,Necrotic
2.65062,1.46551,0.24825482477990038,0.5,0.3,Necrotic
-0.300639,-0.0898298,0.24993495467834465,0.5,0.3,Necrotic
3.2857,-0.81025,0.2492636641744757,0.5,0.3,Necrotic
0.150372,-17.8338,0.7946650839768793,0.5,0.3,Viable tumour cell
0.103958,-0.586831,0.25022475194719224,0.5,0.3,Necrotic
0.093079,-0.886055,0.2504468389818406,0.5,0.3,Necrotic
0.514434,0.290523,0.24951770219448782,0.5,0.3,Necrotic
-0.232372,2.90962,0.24800722614547047,0.5,0.3,Necrotic
6.19041,6.65206,0.25100979965880577,0.5,0.3,Viable tumour cell
-0.0739959,-0.887043,0.25048108455198986,0.5,0.3,Necrotic
-0.152407,-0.515775,0.2502208144039553,0.5,0.3,Necrotic
3.77073,0.949601,0.24823263470029783,0.5,0.3,Necrotic
0.84308,-0.689104,0.2501262508546212,0.5,0.3,Necrotic
1.38065,-6.16694,0.2562170213754428,0.5,0.3,Necrotic
0.496045,3.1453,0.2477470072915074,0.5,0.3,Necrotic
0.689871,2.71315,0.2479790076773601,0.5,0.3,Necrotic
-1.76636,-0.689402,0.25055728799588306,0.5,0.3,Necrotic
1.71241,-12.858,0.3713729286398727,0.5,0.3,Viable tumour cell
-0.619313,-11.7361,0.32083866851160664,0.5,0.3,Viable tumour cell
1.15951,3.08408,0.24767736123021344,0.5,0.3,Necrotic
3.31688,-1.35941,0.24952526433575606,0.5,0.3,Necrotic
-3.35273,-2.64774,0.2518402132421797,0.5,0.3,Necrotic
4.3746,-2.60943,0.24948063442482143,0.5,0.3,Necrotic
-0.852536,-0.907513,0.2506160440887617,0.5,0.3,Necrotic
-0.764821,0.684589,0.24950117460009547,0.5,0.3,Necrotic
4.16694,0.233865,0.24840314087836227,0.5,0.3,Necrotic
0.618502,1.37971,0.24879238098733203,0.5,0.3,Necrotic
-3.96218,-17.0551,0.7237594306944543,0.5,0.3,Viable tumour cell
-0.0895749,5.36931,0.24644440516607943,0.5,0.3,Necrotic
-2.09534,4.5029,0.24728883946986763,0.5,0.3,Necrotic
-9.78812,-7.56971,0.3279346348617207,0.5,0.3,Viable tumour cell
1.05817,3.59901,0.2474139618321806,0.5,0.3,Necrotic
-7.53157,1.53955,0.24874834683205696,0.5,0.3,Necrotic
-0.0237742,-1.80883,0.25121466116013763,0.5,0.3,Necrotic
4.17843,-9.07419,0.27761025661993843,0.5,0.3,Viable tumour cell
9.44082,10.3862,0.4039530322901748,0.5,0.3,Viable tumour cell
0.87745,-0.428944,0.24993131394374776,0.5,0.3,Necrotic
15.0253,8.7588,0.677936004441225,0.5,0.3,Viable tumour cell
1.55973,4.46177,0.2468766027157532,0.5,0.3,Necrotic
0.0859135,-0.804498,0.2503887140734971,0.5,0.3,Necrotic
1.22712,2.88162,0.2477759576229347,0.5,0.3,Necrotic
0.953336,3.247,0.24762278200487542,0.5,0.3,Necrotic
0.861737,0.531396,0.24928564415455218,0.5,0.3,Necrotic
4.08953,0.675524,0.2482554272446787,0.5,0.3,Necrotic
-0.164762,0.420755,0.24957043165017334,0.5,0.3,Necrotic
-0.688836,3.71521,0.24757740846030568,0.5,0.3,Necrotic
0.950486,0.67994,0.24917060950517006,0.5,0.3,Necrotic
8.76717,13.0901,0.5087101987945291,0.5,0.3,Viable tumour cell
11.7884,-4.16774,0.35756530013825855,0.5,0.3,Viable tumour cell
0.392744,0.0279958,0.24971313885739194,0.5,0.3,Necrotic
4.0543,-0.452824,0.2486591519974292,0.5,0.3,Necrotic
-0.210485,-1.27956,0.25081255682433184,0.5,0.3,Necrotic
1.3182,-2.39268,0.2513919021480635,0.5,0.3,Necrotic
11.6872,-0.215306,0.31282201812753896,0.5,0.3,Viable tumour cell
-2.70677,0.73842,0.24971978360375002,0.5,0.3,Necrotic
4.3181,-3.76236,0.25081633949272114,0.5,0.3,Necrotic
-1.13693,-1.72097,0.25126956734181205,0.5,0.3,Necrotic
-1.40072,-9.28731,0.2683546558427846,0.5,0.3,Viable tumour cell
11.4805,-2.61066,0.3252806011256497,0.5,0.3,Viable tumour cell
-12.0803,-4.53869,0.35623610181658694,0.5,0.3,Viable tumour cell
-5.7442,-3.65371,0.2512004182897623,0.5,0.3,Necrotic
-3.98814,1.6091,0.24930903850653136,0.5,0.3,Necrotic
3.43256,-6.066,0.2556074638785743,0.5,0.3,Necrotic
-0.976949,-0.124172,0.2500758031172066,0.5,0.3,Necrotic
-10.0696,13.2658,0.5730774111812174,0.5,0.3,Viable tumour cell
-5.07609,2.00375,0.24901239392882868,0.5,0.3,Necrotic
-0.704753,0.0576834,0.2499022791026218,0.5,0.3,Necrotic
0.897557,-6.79236,0.25719969401840503,0.5,0.3,Necrotic
1.32957,1.97575,0.2482841316379092,0.5,0.3,Necrotic
-5.55707,5.66158,0.24935257215557335,0.5,0.3,Necrotic
-5.66159,2.02538,0.24880716819752655,0.5,0.3,Necrotic
2.92797,-0.597088,0.24930332120785292,0.5,0.3,Necrotic
-0.63981,0.0191766,0.2499163858475404,0.5,0.3,Necrotic
-3.29074,0.727297,0.24978171634430713,0.5,0.3,Necrotic
-2.43742,-1.27857,0.2510029866705336,0.5,0.3,Necrotic
-4.74386,5.57525,0.2482153246888737,0.5,0.3,Necrotic
0.0572671,-2.45952,0.2517848575762107,0.5,0.3,Necrotic
-2.69187,-2.64424,0.2518831224220264,0.5,0.3,Necrotic
3.05921,5.53138,0.24609673790923714,0.5,0.3,Necrotic
5.16069,5.43353,0.24493163087373296,0.5,0.3,Necrotic
-5.97739,7.16638,0.25218367676559683,0.5,0.3,Viable tumour cell
0.0141638,-0.957291,0.25051785066839144,0.5,0.3,Necrotic
0.383744,-0.0366556,0.2497594718827829,0.5,0.3,Necrotic
2.70016,-2.97621,0.2512916097555953,0.5,0.3,Necrotic
1.89465,-3.46238,0.25231076289666315,0.5,0.3,Necrotic
-0.787697,-5.75688,0.25570413340095915,0.5,0.3,Necrotic
-4.30546,-2.02381,0.251356616514679,0.5,0.3,Necrotic
2.47032,-0.713508,0.24956081620791665,0.5,0.3,Necrotic
-13.6786,-9.54272,0.5797856021476802,0.5,0.3,Viable tumour cell
-2.57035,-3.61551,0.25271217557499576,0.5,0.3,Necrotic
-6.91305,-3.08665,0.25158481350587714,0.5,0.3,Necrotic
-0.451073,4.49599,0.2470072554150196,0.5,0.3,Necrotic
0.0928284,4.84208,0.2467868792441625,0.5,0.3,Necrotic
-0.264547,-0.799442,0.2504461800619803,0.5,0.3,Necrotic
-2.88846,1.13556,0.24949041062919633,0.5,0.3,Necrotic
5.16752,11.4458,0.328668543545617,0.5,0.3,Viable tumour cell
0.403978,-0.32199,0.24996030649663603,0.5,0.3,Necrotic
6.98911,-2.35671,0.2462258133954008,0.5,0.3,Necrotic
-9.22239,-1.24685,0.2621832514377998,0.5,0.3,Viable tumour cell
-1.09398,-16.5289,0.6298400787509659,0.5,0.3,Viable tumour cell
-3.83372,0.227312,0.2501393900267243,0.5,0.3,Necrotic
2.89638,-1.34895,0.24981221405126983,0.5,0.3,Necrotic
-11.9843,-14.3298,0.8184777913538759,0.5,0.3,Viable tumour cell
-1.88515,1.55317,0.24911054220946155,0.5,0.3,Necrotic
2.29632,3.25456,0.24734868793395956,0.5,0.3,Necrotic
-0.520696,-0.288933,0.2501152873532254,0.5,0.3,Necrotic
-9.50725,1.20647,0.2610204149328409,0.5,0.3,Viable tumour cell
-1.21088,1.84632,0.24883014376517318,0.5,0.3,Necrotic
0.825661,8.94167,0.24955363733402655,0.5,0.3,Viable tumour cell
-1.49859,0.668964,0.24961319114666194,0.5,0.3,Necrotic
-6.94511,3.0161,0.24696840400982178,0.5,0.3,Necrotic
-3.70815,-1.61473,0.25116298949024274,0.5,0.3,Necrotic
-7.17235,2.20361,0.24754405542072236,0.5,0.3,Viable tumour cell
3.44986,0.759493,0.2483881214416454,0.5,0.3,Necrotic
14.4943,7.38723,0.5744888367041375,0.5,0.3,Viable tumour cell
1.70558,-0.62752,0.24982202595438852,0.5,0.3,Necrotic
-0.467243,2.40076,0.2483573747032043,0.5,0.3,Necrotic
2.50848,6.20087,0.2463307041750814,0.5,0.3,Necrotic
-2.75958,-4.08524,0.25300758910347604,0.5,0.3,Necrotic
1.24395,-1.71255,0.250806407982169,0.5,0.3,Necrotic
-3.1644,-7.69901,0.25901812920860195,0.5,0.3,Necrotic
-4.33926,-0.659827,0.2507123677699916,0.5,0.3,Necrotic
-1.87337,-14.0691,0.4342491302893116,0.5,0.3,Viable tumour cell
-5.95589,-5.40125,0.2525167588248318,0.5,0.3,Viable tumour cell
2.46935,-3.67031,0.2522513900410864,0.5,0.3,Necrotic
-5.29359,-4.95606,0.2517500162027593,0.5,0.3,Necrotic
-0.504828,-0.815419,0.2504949185851112,0.5,0.3,Necrotic
3.96707,-4.25059,0.25197340725280676,0.5,0.3,Necrotic
2.65149,-2.36656,0.2507455020275826,0.5,0.3,Necrotic
-2.49743,1.22597,0.24938744809739954,0.5,0.3,Necrotic
3.02678,2.3812,0.24766176030181133,0.5,0.3,Necrotic
1.3993,1.94136,0.2482901626187233,0.5,0.3,Necrotic
-2.23858,7.98201,0.24519407116171904,0.5,0.3,Necrotic
-0.102824,-3.57633,0.2529366178526547,0.5,0.3,Necrotic
0.450765,-0.885294,0.2503612742601076,0.5,0.3,Necrotic
-10.0571,1.91523,0.2691699448377467,0.5,0.3,Viable tumour cell
-3.91824,13.7755,0.42175647845949266,0.5,0.3,Viable tumour cell
0.325993,-1.09077,0.2505489667861469,0.5,0.3,Necrotic
7.14485,1.77975,0.2488463836537573,0.5,0.3,Necrotic
0.344288,-0.987058,0.25046123060976255,0.5,0.3,Necrotic
-3.59958,-6.86442,0.25612051202910746,0.5,0.3,Necrotic
0.60464,0.380675,0.2494397530663876,0.5,0.3,Necrotic
5.91073,5.59896,0.24537647498336673,0.5,0.3,Viable tumour cell
-13.2715,2.74883,0.385288979011808,0.5,0.3,Viable tumour cell
-6.45842,5.48648,0.25057262835451277,0.5,0.3,Necrotic
-5.45139,0.786719,0.24995605163134674,0.5,0.3,Necrotic
3.83879,-3.17547,0.2506338286944763,0.5,0.3,Necrotic
2.92575,-1.65699,0.2500151269665509,0.5,0.3,Necrotic
-9.93734,-15.8554,0.8689583395694664,0.5,0.3,Viable tumour cell
3.57974,5.00338,0.24585770916908617,0.5,0.3,Necrotic
6.25293,9.122,0.28261833499686845,0.5,0.3,Viable tumour cell
-9.16149,-12.3136,0.48906194366707223,0.5,0.3,Viable tumour cell
-0.655638,-12.8517,0.3647784009521311,0.5,0.3,Viable tumour cell
-8.99946,-5.76404,0.279914199303145,0.5,0.3,Viable tumour cell
1.75689,1.29698,0.24859261267575955,0.5,0.3,Necrotic
-0.740189,2.96741,0.24805344934626045,0.5,0.3,Necrotic
-3.02341,0.449094,0.24992942381814523,0.5,0.3,Necrotic
-4.98889,3.27154,0.24863020080572762,0.5,0.3,Necrotic
-2.22572,13.1883,0.3757900677004946,0.5,0.3,Viable tumour cell
-5.65107,-8.53506,0.2750658396874056,0.5,0.3,Viable tumour cell
1.09497,1.40924,0.24868267765627572,0.5,0.3,Necrotic
7.35848,2.58804,0.2489743514439055,0.5,0.3,Necrotic
-7.38936,10.382,0.33397954967741783,0.5,0.3,Viable tumour cell
3.52916,4.20421,0.24643060052722487,0.5,0.3,Necrotic
-5.57429,-2.44701,0.2514373922477882,0.5,0.3,Necrotic
-5.35367,8.82935,0.2651363428978072,0.5,0.3,Viable tumour cell
5.94107,2.82101,0.24735761758226973,0.5,0.3,Necrotic
2.57273,2.37732,0.24777103665313444,0.5,0.3,Necrotic
1.21298,-0.164307,0.2496504803738648,0.5,0.3,Necrotic
-17.4974,5.87144,0.7697860477420364,0.5,0.3,Viable tumour cell
5.06319,-7.46873,0.26513884393571047,0.5,0.3,Viable tumour cell
-0.51309,3.43479,0.24773472146764852,0.5,0.3,Necrotic
0.286166,-1.73215,0.25108060776134383,0.5,0.3,Necrotic
0.736253,3.07419,0.24775120729597278,0.5,0.3,Necrotic
12.0994,-7.50882,0.4712292716938909,0.5,0.3,Viable tumour cell
-0.154339,-0.756126,0.2503974260324163,0.5,0.3,Necrotic
1.99641,1.71163,0.24829225105720334,0.5,0.3,Necrotic
3.15761,-14.0418,0.45058239542702255,0.5,0.3,Viable tumour cell
4.18174,1.35254,0.24795838053334812,0.5,0.3,Necrotic
6.63659,-0.333103,0.24703076337432434,0.5,0.3,Necrotic
-0.0191854,1.61779,0.2487720009272107,0.5,0.3,Necrotic
8.40818,-5.27838,0.2771833163702911,0.5,0.3,Viable tumour cell
1.28493,4.22547,0.24704144869597386,0.5,0.3,Necrotic
2.23021,4.40881,0.2467673518169896,0.5,0.3,Necrotic
-0.121591,-0.959001,0.25054120379693395,0.5,0.3,Necrotic
-2.89243,-2.53673,0.2518017899813536,0.5,0.3,Necrotic
-6.00463,-2.99692,0.2513962356423714,0.5,0.3,Necrotic
4.49525,3.24749,0.24685596996812442,0.5,0.3,Necrotic
3.09799,-0.947952,0.24942941669595803,0.5,0.3,Necrotic
2.60439,1.99956,0.2479802642149361,0.5,0.3,Necrotic
1.70204,7.58837,0.24659655538412295,0.5,0.3,Necrotic
-1.27608,4.21937,0.2473218366338418,0.5,0.3,Necrotic
-6.12938,3.16496,0.2482257550781775,0.5,0.3,Necrotic
0.800477,7.4933,0.2461000296579346,0.5,0.3,Necrotic
-4.51898,-4.03104,0.2520003461810877,0.5,0.3,Necrotic
-0.689762,-2.08199,0.25151961187686944,0.5,0.3,Necrotic
2.88098,-2.52239,0.25076454554166155,0.5,0.3,Necrotic
5.44265,-2.4443,0.2481241411210078,0.5,0.3,Necrotic
-4.25232,-6.55851,0.2555344713788272,0.5,0.3,Necrotic
4.42446,-10.831,0.32347876978422285,0.5,0.3,Viable tumour cell
-5.53693,0.17365,0.2504803142434123,0.5,0.3,Necrotic
2.81437,-0.0102407,0.2490082853404734,0.5,0.3,Necrotic
6.4345,7.49485,0.2595011695282027,0.5,0.3,Viable tumour cell
3.11224,-7.54853,0.2597526285316624,0.5,0.3,Necrotic
-0.659926,0.187812,0.2498091702860504,0.5,0.3,Necrotic
2.53441,5.42848,0.24631515439861698,0.5,0.3,Necrotic
0.734244,-0.267278,0.2498470099202723,0.5,0.3,Necrotic
-10.4402,6.54318,0.31982920884968774,0.5,0.3,Viable tumour cell
0.238757,0.551594,0.24940636034699268,0.5,0.3,Necrotic
2.2175,-2.11903,0.25075294464850006,0.5,0.3,Necrotic
0.98523,-0.380373,0.2498722332498579,0.5,0.3,Necrotic
-11.5133,14.0169,0.7238763746915948,0.5,0.3,Viable tumour cell
-5.30079,6.30456,0.2486721869498325,0.5,0.3,Necrotic
-7.62588,4.43659,0.25204476644672424,0.5,0.3,Necrotic
-10.9011,10.667,0.4594857342486228,0.5,0.3,Viable tumour cell
-15.0356,-10.6041,0.7471780822946616,0.5,0.3,Viable tumour cell
-6.45746,-12.0264,0.38782718163201,0.5,0.3,Viable tumour cell
3.51996,-1.08647,0.24924819063647566,0.5,0.3,Necrotic
-0.71265,5.50823,0.2463024464029082,0.5,0.3,Necrotic
-15.0249,-5.40237,0.551026791374029,0.5,0.3,Viable tumour cell
-10.1501,-4.29645,0.28932234645721966,0.5,0.3,Viable tumour cell
0.119974,-1.26244,0.25073768227730403,0.5,0.3,Necrotic
4.30996,11.0585,0.30379121261434094,0.5,0.3,Viable tumour cell
-0.472845,1.78401,0.24874611013954637,0.5,0.3,Necrotic
-2.70551,-3.45565,0.2525439502055246,0.5,0.3,Necrotic
7.29359,-3.74784,0.2520071215764376,0.5,0.3,Viable tumour cell
-3.54977,0.968321,0.24965452147893863,0.5,0.3,Necrotic
10.419,1.16826,0.27889409387327213,0.5,0.3,Viable tumour cell
-2.04376,-1.95413,0.25147174415377616,0.5,0.3,Necrotic
-13.9149,-2.94603,0.4299131232925397,0.5,0.3,Viable tumour cell
-2.60305,-1.9632,0.251445920956256,0.5,0.3,Necrotic
-0.550507,-0.310966,0.25013618138512006,0.5,0.3,Necrotic
0.384027,5.43931,0.2464061173854653,0.5,0.3,Necrotic
1.80011,-0.142738,0.24946145099236006,0.5,0.3,Necrotic
-2.87899,2.25129,0.24882938347595218,0.5,0.3,Necrotic
-4.63161,-3.17701,0.251744520107321,0.5,0.3,Necrotic
9.01001,6.94958,0.29329434593224096,0.5,0.3,Viable tumour cell
-1.84299,-8.36681,0.26127271973632865,0.5,0.3,Viable tumour cell
0.726249,-2.48167,0.2516597809964471,0.5,0.3,Necrotic
-4.39807,0.981658,0.24970811391814435,0.5,0.3,Necrotic
6.1973,-12.3808,0.42494977546102486,0.5,0.3,Viable tumour cell
1.97848,3.25446,0.24742553723945274,0.5,0.3,Necrotic
0.601594,1.05373,0.24900226111523174,0.5,0.3,Necrotic
-0.969678,1.37025,0.24909494923973907,0.5,0.3,Necrotic
6.70783,5.15891,0.24767304227444004,0.5,0.3,Viable tumour cell
0.762383,5.00258,0.24670201332056466,0.5,0.3,Necrotic
-13.2175,-3.01761,0.3894627363974477,0.5,0.3,Viable tumour cell
4.06005,-2.18934,0.24954327568183127,0.5,0.3,Necrotic
-3.18765,-1.24705,0.25096395587750314,0.5,0.3,Necrotic
5.08523,0.26275,0.24802235002357995,0.5,0.3,Necrotic
0.0767074,1.99946,0.24851269826929742,0.5,0.3,Necrotic
0.216721,6.25958,0.2460479883717117,0.5,0.3,Necrotic
2.56819,3.21812,0.24730149294082857,0.5,0.3,Necrotic
-6.49639,-0.0342893,0.25112731274945255,0.5,0.3,Necrotic
2.12817,3.10822,0.2474676819401645,0.5,0.3,Necrotic
5.58997,1.37732,0.24794733999540705,0.5,0.3,Necrotic
2.3739,2.17144,0.24793663193668197,0.5,0.3,Necrotic
-0.531477,-3.60591,0.25298612049701447,0.5,0.3,Necrotic
-9.55231,12.3268,0.48790923629517335,0.5,0.3,Viable tumour cell
1.92094,2.37643,0.24792612079868317,0.5,0.3,Necrotic
0.327005,-0.474275,0.25008917590292207,0.5,0.3,Necrotic
3.0088,1.60577,0.2480947855905442,0.5,0.3,Necrotic
0.864424,-4.12981,0.25342924128900246,0.5,0.3,Necrotic
0.136647,-0.971454,0.25049913055148587,0.5,0.3,Necrotic
-3.50671,2.02383,0.24901862489617677,0.5,0.3,Necrotic
13.718,-0.0243799,0.3994498343335118,0.5,0.3,Viable tumour cell
2.2474,3.09072,0.2474477896902132,0.5,0.3,Necrotic
6.86708,-4.45531,0.25203381051885465,0.5,0.3,Viable tumour cell
0.348065,-0.105231,0.24981681278154694,0.5,0.3,Necrotic
4.885,-2.45033,0.248813975965987,0.5,0.3,Necrotic
-4.31655,-0.0647736,0.2503755166930344,0.5,0.3,Necrotic
-0.967927,4.56751,0.24701220782345534,0.5,0.3,Necrotic
2.05138,-9.93798,0.27736621063409966,0.5,0.3,Viable tumour cell
3.25718,6.35984,0.24600985403728348,0.5,0.3,Necrotic
15.7443,1.40394,0.5393751873416486,0.5,0.3,Viable tumour cell
5.27654,-10.7685,0.33460981409317464,0.5,0.3,Viable tumour cell
1.17432,0.630452,0.24913972117158567,0.5,0.3,Necrotic
-4.96629,9.72277,0.27987639744230236,0.5,0.3,Viable tumour cell
4.06839,3.64293,0.24660771937933057,0.5,0.3,Necrotic
-1.47045,-6.18532,0.25618749089479964,0.5,0.3,Necrotic
3.26369,2.58628,0.24749884615777995,0.5,0.3,Necrotic
0.543962,3.89126,0.24731272732947407,0.5,0.3,Necrotic
-3.21952,5.61612,0.24690208247096704,0.5,0.3,Necrotic
-1.96619,-4.85391,0.25414759060561853,0.5,0.3,Necrotic
-2.70454,-10.0715,0.2828783629519335,0.5,0.3,Viable tumour cell
4.39857,-1.56085,0.24893167107026298,0.5,0.3,Necrotic
-0.0895866,-0.364344,0.25010005063771235,0.5,0.3,Necrotic
-7.58095,-13.8638,0.5339486384158708,0.5,0.3,Viable tumour cell
4.38516,-3.02272,0.24981124904729185,0.5,0.3,Necrotic
-8.90259,-1.91264,0.25855380256253546,0.5,0.3,Viable tumour cell
5.93687,-3.59314,0.24765862413230613,0.5,0.3,Necrotic
3.11529,13.9581,0.41985361699971574,0.5,0.3,Viable tumour cell
6.33965,-14.2135,0.5434733509528008,0.5,0.3,Viable tumour cell
10.3556,3.44574,0.2865119179928162,0.5,0.3,Viable tumour cell
-12.8201,-6.20227,0.4207703222044442,0.5,0.3,Viable tumour cell
7.81065,6.32634,0.26431709281559274,0.5,0.3,Viable tumour cell
5.59129,-6.69435,0.2605472073265851,0.5,0.3,Viable tumour cell
3.29978,1.38093,0.24815948028156654,0.5,0.3,Necrotic
-13.8329,11.7733,0.7029367194245885,0.5,0.3,Viable tumour cell
-1.71135,5.11121,0.24674273858708035,0.5,0.3,Necrotic
6.40218,0.221878,0.24780040332096773,0.5,0.3,Necrotic
-1.88576,3.46031,0.24793442459706705,0.5,0.3,Necrotic
1.48985,-4.01046,0.2530907783300269,0.5,0.3,Necrotic
-2.30293,-7.56976,0.2581943414111504,0.5,0.3,Necrotic
2.08289,10.0288,0.26374670135410466,0.5,0.3,Viable tumour cell
6.0665,-0.270961,0.24748034662182328,0.5,0.3,Necrotic
1.15606,-1.33266,0.25052875326422636,0.5,0.3,Necrotic
-3.66791,11.2516,0.3085245911963421,0.5,0.3,Viable tumour cell
-6.36451,-2.27632,0.25143209019468143,0.5,0.3,Necrotic
4.08547,-16.7716,0.7037285415754071,0.5,0.3,Viable tumour cell
10.2654,-1.06298,0.27771568006998404,0.5,0.3,Viable tumour cell
5.42903,12.4243,0.37141038024832057,0.5,0.3,Viable tumour cell
-0.46509,4.97735,0.24670642700357687,0.5,0.3,Necrotic
1.83517,8.26479,0.24773509984029948,0.5,0.3,Viable tumour cell
17.399,-0.516957,0.6900710589198802,0.5,0.3,Viable tumour cell
2.02167,-4.41301,0.2534818461124554,0.5,0.3,Necrotic
2.45231,1.836,0.24810401333648952,0.5,0.3,Necrotic
0.53468,-4.92237,0.25450807441085777,0.5,0.3,Necrotic
6.18265,10.885,0.32707675791666435,0.5,0.3,Viable tumour cell
-1.95807,2.24461,0.2486938301831258,0.5,0.3,Necrotic
-1.21302,10.4917,0.27471293570429584,0.5,0.3,Viable tumour cell
-4.37246,4.41873,0.2483810619689776,0.5,0.3,Necrotic
-0.505089,0.272417,0.24972702627316534,0.5,0.3,Necrotic
5.65747,2.08358,0.2477526702693154,0.5,0.3,Necrotic
5.08028,-2.85035,0.24881173894995906,0.5,0.3,Necrotic
-13.9609,6.64808,0.4784522930854282,0.5,0.3,Viable tumour cell
-0.45909,17.3963,0.7323085629563422,0.5,0.3,Viable tumour cell
3.80576,-1.07451,0.24907262568480099,0.5,0.3,Necrotic
0.905034,-17.3297,0.7287406486350912,0.5,0.3,Viable tumour cell
-9.46608,3.47565,0.26654884964678854,0.5,0.3,Viable tumour cell
-10.0049,-0.455303,0.27038875335854845,0.5,0.3,Viable tumour cell
-3.30699,-3.6283,0.2524079449454486,0.5,0.3,Necrotic
-12.7392,4.47412,0.37448321169487986,0.5,0.3,Viable tumour cell
1.01199,6.22587,0.24632970429842357,0.5,0.3,Necrotic
-8.58304,6.85709,0.2794593864456345,0.5,0.3,Viable tumour cell
7.73297,3.49033,0.2513613724838371,0.5,0.3,Viable tumour cell
1.48735,-1.78333,0.25077411687519047,0.5,0.3,Necrotic
-4.28391,3.36245,0.2484835215549482,0.5,0.3,Necrotic
2.78242,6.82128,0.24654986329229484,0.5,0.3,Necrotic
6.66772,-3.90845,0.24937578691612217,0.5,0.3,Necrotic
-11.4516,2.97,0.3112220146880198,0.5,0.3,Viable tumour cell
-7.69483,-3.27973,0.25372347251892047,0.5,0.3,Necrotic
1.57179,-10.8497,0.2979752327053128,0.5,0.3,Viable tumour cell
9.73455,-0.393729,0.26591994786680695,0.5,0.3,Viable tumour cell
0.204354,-0.486931,0.25012760849070154,0.5,0.3,Necrotic
2.45158,-5.01587,0.2541563301616476,0.5,0.3,Necrotic
-14.5805,-2.15437,0.46552424742266785,0.5,0.3,Viable tumour cell
-8.42415,-10.5599,0.3788895037707624,0.5,0.3,Viable tumour cell
3.29354,-2.81245,0.2507346588579002,0.5,0.3,Necrotic
6.87725,0.0266893,0.24748564231704898,0.5,0.3,Necrotic
7.55016,-8.48052,0.316772783306258,0.5,0.3,Viable tumour cell
4.61775,8.51379,0.25724220095737205,0.5,0.3,Viable tumour cell
-6.44174,-3.8847,0.2513960525599938,0.5,0.3,Necrotic
9.00959,11.2287,0.42213110705388784,0.5,0.3,Viable tumour cell
-1.4964,9.6572,0.25973098868708533,0.5,0.3,Viable tumour cell
-3.51436,0.345418,0.25003781164732564,0.5,0.3,Necrotic
7.81506,1.42569,0.2496099788317962,0.5,0.3,Necrotic
0.339861,-2.22265,0.25150116012842005,0.5,0.3,Necrotic
-2.47042,3.58851,0.24796630379746987,0.5,0.3,Necrotic
-4.99745,4.85151,0.24864648192954455,0.5,0.3,Necrotic
-2.35726,-4.44426,0.25349287075976756,0.5,0.3,Necrotic
-6.27214,1.72185,0.24903202588992296,0.5,0.3,Necrotic
2.07102,-6.0889,0.2560812324801779,0.5,0.3,Necrotic
-4.67562,-7.53662,0.25998195678615377,0.5,0.3,Necrotic
16.4726,-0.254809,0.5992635511623214,0.5,0.3,Viable tumour cell
5.02052,15.5483,0.5561878156928394,0.5,0.3,Viable tumour cell
3.86269,5.68709,0.2453387291111258,0.5,0.3,Necrotic
0.906252,-3.4302,0.2526004516833537,0.5,0.3,Necrotic
2.01709,0.438923,0.24903326814524404,0.5,0.3,Necrotic
5.52226,-3.42158,0.24832158174520505,0.5,0.3,Necrotic
-6.7586,1.31487,0.2494400308599048,0.5,0.3,Necrotic
3.71718,-3.88375,0.25161967277365427,0.5,0.3,Necrotic
2.73957,-4.26739,0.25292182673531843,0.5,0.3,Necrotic
6.04484,-1.21456,0.24717180031653413,0.5,0.3,Necrotic
6.7692,8.44947,0.27907221636692275,0.5,0.3,Viable tumour cell
-7.29155,-0.234231,0.2520973797148415,0.5,0.3,Necrotic
-0.0637386,-0.15928,0.24994564001030414,0.5,0.3,Necrotic
-3.69001,-8.48585,0.2638225881745278,0.5,0.3,Viable tumour cell
-4.38562,-3.5344,0.2519898270011499,0.5,0.3,Necrotic
-7.20773,8.68223,0.286305437948651,0.5,0.3,Viable tumour cell
-10.9496,-4.40192,0.31258662870592996,0.5,0.3,Viable tumour cell
12.5853,-2.52654,0.3685606262568647,0.5,0.3,Viable tumour cell
-1.32322,-7.62992,0.25905066659314274,0.5,0.3,Necrotic
3.28397,-0.185111,0.24892278630680098,0.5,0.3,Necrotic
-0.251579,-6.27424,0.25657525083745625,0.5,0.3,Necrotic
0.0178796,-5.41613,0.2552588128875163,0.5,0.3,Necrotic
0.313694,-3.19314,0.2524477804798087,0.5,0.3,Necrotic
-5.21614,1.56592,0.24926715837720065,0.5,0.3,Necrotic
-0.288507,-14.3827,0.4497494102680394,0.5,0.3,Viable tumour cell
13.3234,-2.53386,0.4030447821502591,0.5,0.3,Viable tumour cell
1.23979,5.33469,0.24659674888453872,0.5,0.3,Necrotic
-3.3024,-0.0456396,0.250260289982395,0.5,0.3,Necrotic
-2.82461,-3.61992,0.2526235472751447,0.5,0.3,Necrotic
6.28735,1.5654,0.24805900715787924,0.5,0.3,Necrotic
-6.23548,0.801132,0.24998979094827123,0.5,0.3,Necrotic
13.2458,-11.781,0.8351460284921093,0.5,0.3,Viable tumour cell
-5.4981,-6.0323,0.2538016180852008,0.5,0.3,Necrotic
-7.09762,-9.66408,0.3181691633229889,0.5,0.3,Viable tumour cell
15.494,5.36184,0.6033601889644271,0.5,0.3,Viable tumour cell
-11.7249,-2.26992,0.3197368952677733,0.5,0.3,Viable tumour cell
3.45458,3.74671,0.2467060174234802,0.5,0.3,Necrotic
11.1392,2.77008,0.302201032290789,0.5,0.3,Viable tumour cell
15.6829,-7.88546,0.824457109242057,0.5,0.3,Viable tumour cell
-0.388428,3.82208,0.24747251768926523,0.5,0.3,Necrotic
-1.03143,5.88162,0.2458916604320277,0.5,0.3,Necrotic
8.62499,3.62475,0.2579301545981319,0.5,0.3,Viable tumour cell
0.0392222,-9.96169,0.27414983204356536,0.5,0.3,Viable tumour cell
15.5473,-0.238146,0.5206424378492196,0.5,0.3,Viable tumour cell
-4.05149,15.3908,0.5430532582177449,0.5,0.3,Viable tumour cell
-3.90931,2.84599,0.24865759495912448,0.5,0.3,Necrotic
-6.20984,8.8546,0.27552374900878374,0.5,0.3,Viable tumour cell
-6.09559,-9.51825,0.2991716248948376,0.5,0.3,Viable tumour cell
1.81114,-5.31581,0.25486082733947946,0.5,0.3,Necrotic
-7.2,-3.97597,0.25254455676670473,0.5,0.3,Necrotic
2.51771,9.217,0.2545495482157328,0.5,0.3,Viable tumour cell
-5.55189,12.8344,0.39534722778485976,0.5,0.3,Viable tumour cell
-4.80101,3.6993,0.24855504157863106,0.5,0.3,Necrotic
1.90989,2.80959,0.2476824284300749,0.5,0.3,Necrotic
-3.76356,-0.292477,0.250452585882306,0.5,0.3,Necrotic
16.3811,5.53295,0.7027425036673021,0.5,0.3,Viable tumour cell
4.78565,-3.53417,0.24992287466818877,0.5,0.3,Necrotic
-3.69595,-11.4881,0.3263176620732823,0.5,0.3,Viable tumour cell
-0.53092,-7.64621,0.259028895408682,0.5,0.3,Necrotic
-6.46319,-10.27,0.32505244012863377,0.5,0.3,Viable tumour cell
-13.3792,5.96737,0.42846889727565657,0.5,0.3,Viable tumour cell
-1.11169,-3.83237,0.2531958779541851,0.5,0.3,Necrotic
-5.43835,3.50729,0.24878166014369932,0.5,0.3,Necrotic
-2.78514,-8.32705,0.26174563991232364,0.5,0.3,Viable tumour cell
-15.9053,-0.158997,0.5618501671728593,0.5,0.3,Viable tumour cell
-3.25493,-9.20443,0.27013299811374764,0.5,0.3,Viable tumour cell
5.63339,-0.0109488,0.2478332176570388,0.5,0.3,Necrotic
-7.14576,-1.58662,0.2519225083213525,0.5,0.3,Necrotic
-5.20786,-4.23832,0.25158596250951404,0.5,0.3,Necrotic
4.55401,10.3081,0.28713795621641114,0.5,0.3,Viable tumour cell
4.49467,-5.47214,0.25370767455210325,0.5,0.3,Necrotic
-5.044,-0.30534,0.2506176626259979,0.5,0.3,Necrotic
4.01098,-1.43136,0.24914603484684816,0.5,0.3,Necrotic
9.32444,7.94188,0.3236608741801211,0.5,0.3,Viable tumour cell
-3.10357,-6.38125,0.25541944696830954,0.5,0.3,Necrotic
1.63087,-2.5408,0.25141835445491717,0.5,0.3,Necrotic
5.67113,4.94898,0.24457881238663476,0.5,0.3,Necrotic
7.47776,0.897352,0.24876331508921112,0.5,0.3,Necrotic
-1.92728,-3.10176,0.2523898972032437,0.5,0.3,Necrotic
6.95903,6.0537,0.2532044097549257,0.5,0.3,Viable tumour cell
11.6877,4.4452,0.3394829406783769,0.5,0.3,Viable tumour cell
5.59982,-8.4134,0.2806421132815279,0.5,0.3,Viable tumour cell
4.14173,-0.936919,0.24878725549709896,0.5,0.3,Necrotic
3.01713,-1.93947,0.250162640306094,0.5,0.3,Necrotic
0.220771,7.3802,0.24522788351889308,0.5,0.3,Necrotic
-7.54549,-4.84837,0.2555284553237375,0.5,0.3,Viable tumour cell
-5.05452,-5.45473,0.25263337548378373,0.5,0.3,Necrotic
-9.33866,-6.72397,0.2999866425918048,0.5,0.3,Viable tumour cell
1.11758,9.90264,0.2628596235870406,0.5,0.3,Viable tumour cell
-5.72076,-1.57954,0.25124090639085606,0.5,0.3,Necrotic
-4.83544,-6.76492,0.25653768830517454,0.5,0.3,Viable tumour cell
8.35709,7.99318,0.29963411594237843,0.5,0.3,Viable tumour cell
3.89322,11.7637,0.32208197001868344,0.5,0.3,Viable tumour cell
4.09184,3.01123,0.24707212636521847,0.5,0.3,Necrotic
-5.55882,2.77336,0.24853988594448656,0.5,0.3,Necrotic
-4.6639,-11.6024,0.33980946452084354,0.5,0.3,Viable tumour cell
-14.5948,-4.46693,0.4998363010006508,0.5,0.3,Viable tumour cell
-3.90208,7.83133,0.24765185193571432,0.5,0.3,Viable tumour cell
-2.66435,2.82534,0.24847169470403832,0.5,0.3,Necrotic
-4.22589,7.0402,0.24677006986835195,0.5,0.3,Necrotic
-14.606,-6.27454,0.5402643494589175,0.5,0.3,Viable tumour cell
-11.1706,1.54292,0.2959855786442616,0.5,0.3,Viable tumour cell
3.77421,-2.84166,0.2503426903244367,0.5,0.3,Necrotic
-0.989531,7.17099,0.2442554340839945,0.5,0.3,Necrotic
-12.2835,6.26788,0.38228458878540095,0.5,0.3,Viable tumour cell
-2.21263,-10.6745,0.29400685601060017,0.5,0.3,Viable tumour cell
-5.99112,9.72498,0.2914595098072506,0.5,0.3,Viable tumour cell
-2.43587,9.74059,0.26401796637372243,0.5,0.3,Viable tumour cell
4.25284,4.43268,0.24577603034629666,0.5,0.3,Necrotic
-11.6409,-3.7693,0.3294748868498894,0.5,0.3,Viable tumour cell
-3.19995,-17.301,0.7403859485547413,0.5,0.3,Viable tumour cell
-7.21467,-8.10251,0.2847214164135673,0.5,0.3,Viable tumour cell
-3.47659,-4.28398,0.2528535992872348,0.5,0.3,Necrotic
6.98736,-12.6745,0.46423198524713255,0.5,0.3,Viable tumour cell
-7.40889,-6.41289,0.2642641739625367,0.5,0.3,Viable tumour cell
3.94426,-5.53716,0.2542629650938347,0.5,0.3,Necrotic
5.31444,0.771393,0.24790778190825294,0.5,0.3,Necrotic
8.42999,5.15749,0.2651071982564564,0.5,0.3,Viable tumour cell
-1.68297,-2.01858,0.2515132069346935,0.5,0.3,Necrotic
1.23135,-4.70573,0.2540946426704385,0.5,0.3,Necrotic
5.36374,6.26038,0.24575014009493318,0.5,0.3,Necrotic
9.07241,-6.10458,0.3042466038508465,0.5,0.3,Viable tumour cell
3.73309,2.80066,0.24726967948745818,0.5,0.3,Necrotic
9.23605,15.5352,0.7240013601302332,0.5,0.3,Viable tumour cell
3.22137,-2.35577,0.2503800314809893,0.5,0.3,Necrotic
5.80378,-3.07402,0.24750993225501,0.5,0.3,Necrotic
-6.5425,10.3698,0.31821508010628863,0.5,0.3,Viable tumour cell
4.34109,-2.1232,0.24918788393656724,0.5,0.3,Necrotic
-5.39258,11.3881,0.3326401548575895,0.5,0.3,Viable tumour cell
-5.89125,1.43855,0.24929690444516134,0.5,0.3,Necrotic
-8.64961,-3.44045,0.2589476665290216,0.5,0.3,Viable tumour cell
-8.62642,9.43492,0.33252472404089617,0.5,0.3,Viable tumour cell
3.37066,-1.3298,0.24947035537010093,0.5,0.3,Necrotic
-4.15094,0.559026,0.2499564533977366,0.5,0.3,Necrotic
6.12316,0.892341,0.24801193522836643,0.5,0.3,Necrotic
-2.26804,-6.50881,0.2562784862725558,0.5,0.3,Necrotic
2.57622,2.98022,0.24742674252713043,0.5,0.3,Necrotic
3.44286,-4.34094,0.2525193443137179,0.5,0.3,Necrotic
10.6469,4.10353,0.30101877430451807,0.5,0.3,Viable tumour cell
0.212685,-11.5945,0.3161555115190448,0.5,0.3,Viable tumour cell
-3.02122,-5.29386,0.25407002109345184,0.5,0.3,Necrotic
-18.2127,6.54381,0.8582543666204201,0.5,0.3,Viable tumour cell
2.69207,3.78958,0.24694485206040767,0.5,0.3,Necrotic
6.58072,2.33958,0.24821201782171726,0.5,0.3,Necrotic
8.55829,1.58937,0.2528356672076595,0.5,0.3,Viable tumour cell
-18.1395,1.78058,0.8386530477616725,0.5,0.3,Viable tumour cell
5.62321,-1.75262,0.2475824472833682,0.5,0.3,Necrotic
-6.3331,-1.46952,0.2516063192602018,0.5,0.3,Necrotic
-7.66142,3.75772,0.25055270708960975,0.5,0.3,Viable tumour cell
12.8766,-9.20384,0.6075123524675673,0.5,0.3,Viable tumour cell
2.5841,-13.2373,0.397664305414534,0.5,0.3,Viable tumour cell
4.91488,4.68988,0.245072812815015,0.5,0.3,Necrotic
5.37277,3.4851,0.24646388158523053,0.5,0.3,Necrotic
-12.7565,-8.85968,0.4899496375489417,0.5,0.3,Viable tumour cell
-15.1717,-7.83858,0.6340953305493162,0.5,0.3,Viable tumour cell
3.59454,-1.55016,0.249459229153261,0.5,0.3,Necrotic
-1.69821,-4.32876,0.2536554278123245,0.5,0.3,Necrotic
7.55833,5.55897,0.2569500140859672,0.5,0.3,Viable tumour cell
12.1707,-3.48112,0.3633190825033022,0.5,0.3,Viable tumour cell
1.46083,10.8314,0.2818882109518693,0.5,0.3,Viable tumour cell
2.63872,-5.41748,0.25472975433120987,0.5,0.3,Necrotic
-0.550561,7.1963,0.24462931064446777,0.5,0.3,Necrotic
10.9555,0.605272,0.2910162746396103,0.5,0.3,Viable tumour cell
3.62032,10.8313,0.2905484300561043,0.5,0.3,Viable tumour cell
8.99672,0.301291,0.2551277980693325,0.5,0.3,Viable tumour cell
4.60883,-8.23893,0.27076724111545314,0.5,0.3,Viable tumour cell
-3.76746,-14.5213,0.4852835487462065,0.5,0.3,Viable tumour cell
-4.82538,7.87452,0.2511756164724294,0.5,0.3,Viable tumour cell
-6.65341,4.64294,0.2504876772918213,0.5,0.3,Necrotic
-0.895113,-8.36188,0.26170727026436497,0.5,0.3,Necrotic
-13.3984,0.325734,0.38505863149071784,0.5,0.3,Viable tumour cell
-0.51593,-4.22317,0.253660025666579,0.5,0.3,Necrotic
-11.5561,8.86241,0.4141737642143103,0.5,0.3,Viable tumour cell
-10.9652,-10.2644,0.45336410692594425,0.5,0.3,Viable tumour cell
15.0553,-2.78593,0.5129805636922419,0.5,0.3,Viable tumour cell
-9.71186,9.19184,0.3554252976422566,0.5,0.3,Viable tumour cell
-9.22905,1.87568,0.25820223473793713,0.5,0.3,Viable tumour cell
13.1078,-3.32018,0.40465831241267847,0.5,0.3,Viable tumour cell
-2.28215,5.18236,0.24683683937966985,0.5,0.3,Necrotic
-8.09194,0.267833,0.25274429778591784,0.5,0.3,Necrotic
8.78558,-14.2164,0.6619083053193211,0.5,0.3,Viable tumour cell
-0.587965,-3.21248,0.2525700316950991,0.5,0.3,Necrotic
-5.91543,4.71396,0.24941855081652844,0.5,0.3,Necrotic
-2.63408,5.74042,0.24646718305939666,0.5,0.3,Necrotic
0.722208,15.8591,0.5568880380269494,0.5,0.3,Viable tumour cell
-6.62992,-4.61079,0.2519564694338897,0.5,0.3,Viable tumour cell
5.41529,4.06416,0.245848669939299,0.5,0.3,Necrotic
13.3833,-5.93466,0.4900624932475371,0.5,0.3,Viable tumour cell
13.3199,8.6904,0.5410606144809632,0.5,0.3,Viable tumour cell
-1.89263,11.4653,0.30422786766825716,0.5,0.3,Viable tumour cell
-10.8685,-0.625282,0.28825142107028245,0.5,0.3,Viable tumour cell
4.20991,-1.79951,0.2491993862604221,0.5,0.3,Necrotic
-11.8476,2.07141,0.31841905872612924,0.5,0.3,Viable tumour cell
13.2207,1.58939,0.37927701343685194,0.5,0.3,Viable tumour cell
-8.57386,1.20953,0.25204926092095464,0.5,0.3,Viable tumour cell
-5.8521,-0.760929,0.2511243511897552,0.5,0.3,Necrotic
3.53642,16.0546,0.5805472364438772,0.5,0.3,Viable tumour cell
6.62532,-10.0561,0.33831110048187024,0.5,0.3,Viable tumour cell
-18.0654,-1.8632,0.8237759600665986,0.5,0.3,Viable tumour cell
9.39899,-1.27919,0.2628614080261582,0.5,0.3,Viable tumour cell
-15.5126,9.82428,0.7314187912039976,0.5,0.3,Viable tumour cell
-0.0853058,8.86603,0.24888690020960735,0.5,0.3,Viable tumour cell
12.5914,9.29484,0.5193353403389445,0.5,0.3,Viable tumour cell
7.11795,-0.238289,0.24710425315611503,0.5,0.3,Necrotic
3.12567,-11.5616,0.33183740947422774,0.5,0.3,Viable tumour cell
-14.1074,5.91431,0.468450439629036,0.5,0.3,Viable tumour cell
-1.64676,5.71428,0.24619390176997472,0.5,0.3,Necrotic
3.62539,-4.97018,0.25343342471868757,0.5,0.3,Necrotic
-11.3311,-2.87237,0.31032637186995815,0.5,0.3,Viable tumour cell
-2.93081,5.03742,0.2471938997744103,0.5,0.3,Necrotic
0.518532,10.5818,0.27568156546442085,0.5,0.3,Viable tumour cell
8.79116,16.3338,0.7752974757304097,0.5,0.3,Viable tumour cell
-3.42328,15.6856,0.5616969362559215,0.5,0.3,Viable tumour cell
-10.5296,-12.3565,0.5529639080488173,0.5,0.3,Viable tumour cell
-4.39905,-5.17939,0.25265197408398954,0.5,0.3,Necrotic
4.96521,7.92155,0.2530788616871506,0.5,0.3,Viable tumour cell
8.87357,-7.68595,0.33317385052131837,0.5,0.3,Viable tumour cell
-12.5738,13.0846,0.7180302130141145,0.5,0.3,Viable tumour cell
-11.2457,-6.95968,0.36168372120352266,0.5,0.3,Viable tumour cell
-1.42707,6.51486,0.24514261898978668,0.5,0.3,Necrotic
2.31662,7.57269,0.24669165868941925,0.5,0.3,Necrotic
-0.699173,12.1394,0.32135974449191085,0.5,0.3,Viable tumour cell
-6.81632,7.16284,0.25680580565469824,0.5,0.3,Viable tumour cell
-1.78049,-6.86898,0.25721254414764444,0.5,0.3,Necrotic
7.77178,-0.744952,0.24754202581209617,0.5,0.3,Viable tumour cell
10.5923,-0.304469,0.28343113487904126,0.5,0.3,Viable tumour cell
1.65852,6.01345,0.24637001082378476,0.5,0.3,Necrotic
-8.27386,-0.459727,0.2551056799090258,0.5,0.3,Necrotic
-1.56476,-3.39935,0.2526879922444318,0.5,0.3,Necrotic
10.1211,-13.0452,0.653257715152493,0.5,0.3,Viable tumour cell
9.88215,7.21412,0.3255121836400053,0.5,0.3,Viable tumour cell
16.8352,-5.6044,0.7760849484528043,0.5,0.3,Viable tumour cell
-1.03999,8.80362,0.24781663030603918,0.5,0.3,Viable tumour cell
-8.18111,-2.58346,0.2548574368905588,0.5,0.3,Viable tumour cell
-12.7887,-2.23264,0.3627928488770098,0.5,0.3,Viable tumour cell
-8.95111,5.96322,0.2745663434086425,0.5,0.3,Viable tumour cell
-5.44444,-11.7891,0.3580602198396924,0.5,0.3,Viable tumour cell
4.19388,7.48768,0.24765512522174288,0.5,0.3,Viable tumour cell
3.36964,9.01846,0.25520759090210954,0.5,0.3,Viable tumour cell
7.48659,0.253495,0.24779059290570982,0.5,0.3,Necrotic
10.701,11.0854,0.4958001849058075,0.5,0.3,Viable tumour cell
8.60991,-2.89187,0.2597073149811456,0.5,0.3,Viable tumour cell
5.25312,-4.04255,0.24970064060972857,0.5,0.3,Necrotic
7.11476,9.35084,0.3034156312041758,0.5,0.3,Viable tumour cell
2.33907,-7.56297,0.25839628284855226,0.5,0.3,Necrotic
9.97111,-1.99166,0.27463740302320466,0.5,0.3,Viable tumour cell
11.9249,-13.2274,0.8418805908206994,0.5,0.3,Viable tumour cell
4.73689,3.95874,0.24610885628158635,0.5,0.3,Necrotic
-1.2841,-2.77294,0.25216423300177565,0.5,0.3,Necrotic
9.011,-15.1982,0.7660417155093171,0.5,0.3,Viable tumour cell
0.249623,9.64764,0.25827068773427564,0.5,0.3,Viable tumour cell
-9.01183,-10.0287,0.3748416374942301,0.5,0.3,Viable tumour cell
-2.94679,10.4418,0.2814143061690898,0.5,0.3,Viable tumour cell
4.42621,-2.17852,0.24913161740364856,0.5,0.3,Necrotic
-12.7071,-0.549113,0.35343956062288506,0.5,0.3,Viable tumour cell
1.2967,15.1555,0.49409068442779813,0.5,0.3,Viable tumour cell
-1.62749,12.3159,0.3329526544938242,0.5,0.3,Viable tumour cell
-6.66021,13.0087,0.43018860285123667,0.5,0.3,Viable tumour cell
11.3992,3.67111,0.32057358810431613,0.5,0.3,Viable tumour cell
-8.64964,3.46079,0.25591245916745115,0.5,0.3,Viable tumour cell
-9.28818,-2.72523,0.2636446335975062,0.5,0.3,Viable tumour cell
-4.27983,-9.21177,0.2748288060762113,0.5,0.3,Viable tumour cell
-1.6299,15.7944,0.5594564130412123,0.5,0.3,Viable tumour cell
12.7279,2.38024,0.3613569634701653,0.5,0.3,Viable tumour cell
5.27139,-12.4752,0.4055782415090661,0.5,0.3,Viable tumour cell
-8.52386,-1.13374,0.2569131675461375,0.5,0.3,Necrotic
5.05052,9.55063,0.27554819271539227,0.5,0.3,Viable tumour cell
3.26691,7.62022,0.2475847078491632,0.5,0.3,Necrotic
3.89496,10.0065,0.2728715863187345,0.5,0.3,Viable tumour cell
5.08148,2.55524,0.2472973489677125,0.5,0.3,Necrotic
5.66391,-0.544251,0.24776013438061834,0.5,0.3,Necrotic
7.21219,10.9693,0.35262174793466877,0.5,0.3,Viable tumour cell
-2.87847,-12.0506,0.3395686098440903,0.5,0.3,Viable tumour cell
-10.3867,-10.9192,0.4580093932980043,0.5,0.3,Viable tumour cell
16.7341,6.28047,0.7760597568735939,0.5,0.3,Viable tumour cell
-8.72663,2.76406,0.25478611567583637,0.5,0.3,Viable tumour cell
3.13365,11.5526,0.30876394781852196,0.5,0.3,Viable tumour cell
18.4447,1.45319,0.8105073854632094,0.5,0.3,Viable tumour cell
6.88497,-0.746705,0.24635805396265012,0.5,0.3,Necrotic
-7.09066,-14.693,0.582879454709889,0.5,0.3,Viable tumour cell
2.68266,13.0708,0.3667257336610805,0.5,0.3,Viable tumour cell
-8.4516,4.47277,0.258464293494749,0.5,0.3,Viable tumour cell
-4.26427,-7.02,0.25678557766167814,0.5,0.3,Necrotic
-4.7313,-8.28503,0.26690304899785783,0.5,0.3,Viable tumour cell
-10.9413,8.01836,0.36465762734794394,0.5,0.3,Viable tumour cell
15.4165,-1.86325,0.5229599881298483,0.5,0.3,Viable tumour cell
4.03236,16.9812,0.6775601529653036,0.5,0.3,Viable tumour cell
2.69683,-10.5544,0.29684893908480064,0.5,0.3,Viable tumour cell
-9.73637,-2.06726,0.2682573486511241,0.5,0.3,Viable tumour cell
-0.630313,9.68656,0.2587132011859599,0.5,0.3,Viable tumour cell
4.78394,6.77025,0.24624039189906713,0.5,0.3,Viable tumour cell
4.94372,-4.86521,0.25220180933317143,0.5,0.3,Necrotic
1.5338,9.19939,0.2528923483993127,0.5,0.3,Viable tumour cell
7.82337,8.56689,0.3004656335296053,0.5,0.3,Viable tumour cell
6.49296,-5.18315,0.253738825849554,0.5,0.3,Viable tumour cell
-12.1772,3.82843,0.3434537402192315,0.5,0.3,Viable tumour cell
10.066,0.486799,0.2708268993917322,0.5,0.3,Viable tumour cell
-4.43016,6.25007,0.2475887001689271,0.5,0.3,Necrotic
5.26654,8.87967,0.26541371459679536,0.5,0.3,Viable tumour cell
8.58635,-6.94413,0.3076845697955478,0.5,0.3,Viable tumour cell
16.6834,1.30763,0.6188809977701403,0.5,0.3,Viable tumour cell
1.92093,-8.31974,0.2601290675969346,0.5,0.3,Viable tumour cell
-15.3524,-3.72883,0.5475326775354012,0.5,0.3,Viable tumour cell
-7.9166,-13.0149,0.48707183664303616,0.5,0.3,Viable tumour cell
16.9349,4.63156,0.7336477522236525,0.5,0.3,Viable tumour cell
-2.61748,7.10294,0.24493247508882024,0.5,0.3,Necrotic
5.34753,-5.84325,0.2553363939375907,0.5,0.3,Necrotic
10.2066,-3.60557,0.2971045523599445,0.5,0.3,Viable tumour cell
11.3327,-0.98822,0.30499290237447135,0.5,0.3,Viable tumour cell
6.53122,-1.11236,0.24655192204888426,0.5,0.3,Necrotic
-8.05694,1.9631,0.24816881225421097,0.5,0.3,Viable tumour cell
5.53933,17.9041,0.8165403495915708,0.5,0.3,Viable tumour cell
0.501467,-7.71857,0.25874323516520115,0.5,0.3,Necrotic
1.39797,-7.60262,0.25824144408138316,0.5,0.3,Necrotic
-7.04818,0.539156,0.25069305814759596,0.5,0.3,Necrotic
9.39254,3.07752,0.26552738890236477,0.5,0.3,Viable tumour cell
-9.02303,-0.394039,0.25909452996095084,0.5,0.3,Necrotic
0.928564,-5.42055,0.2551768365269436,0.5,0.3,Necrotic
1.76103,17.0788,0.6889297039930734,0.5,0.3,Viable tumour cell
4.35732,12.8407,0.3731531538958149,0.5,0.3,Viable tumour cell
-1.3031,-4.51692,0.2539586171698798,0.5,0.3,Necrotic
-0.011152,-8.38423,0.2611173175830271,0.5,0.3,Necrotic
2.65036,-6.77433,0.2575134349646961,0.5,0.3,Necrotic
6.29332,-1.75459,0.24680742651456355,0.5,0.3,Necrotic
12.5594,7.05686,0.4337587645942682,0.5,0.3,Viable tumour cell
10.6154,8.97674,0.3991864742274268,0.5,0.3,Viable tumour cell
-5.103,-1.13275,0.251029721448398,0.5,0.3,Necrotic
-7.88918,-7.25332,0.2814415114247598,0.5,0.3,Viable tumour cell
6.0267,-4.40299,0.24919864901841904,0.5,0.3,Viable tumour cell
-10.8373,5.60477,0.316693147418997,0.5,0.3,Viable tumour cell
-6.58935,7.93729,0.2643155171601871,0.5,0.3,Viable tumour cell
10.2313,-7.41932,0.37351321694424316,0.5,0.3,Viable tumour cell
-1.80649,-10.0208,0.27807531839111505,0.5,0.3,Viable tumour cell
-8.53963,-4.90945,0.2649939531879755,0.5,0.3,Viable tumour cell
-10.6112,-3.7078,0.29586368744213526,0.5,0.3,Viable tumour cell
-14.5707,-12.0259,0.7823272828439889,0.5,0.3,Viable tumour cell
-7.82681,0.919482,0.2506760032322999,0.5,0.3,Necrotic
11.1662,5.87081,0.3428195985463306,0.5,0.3,Viable tumour cell
10.312,5.63566,0.3086021943155769,0.5,0.3,Viable tumour cell
7.05691,-9.27291,0.32539796302226254,0.5,0.3,Viable tumour cell
-3.16527,-5.8576,0.2545817011668914,0.5,0.3,Necrotic
-9.03635,-4.1922,0.2667417295345381,0.5,0.3,Viable tumour cell
-6.40788,15.9942,0.6509440010722802,0.5,0.3,Viable tumour cell
1.2445,-15.0151,0.49571686430032863,0.5,0.3,Viable tumour cell
-3.88526,-5.53518,0.2535073409077914,0.5,0.3,Necrotic
-0.0948402,-13.2901,0.38634500717932774,0.5,0.3,Viable tumour cell
-7.71527,11.8188,0.39628245744449314,0.5,0.3,Viable tumour cell
9.03269,9.66978,0.36354245657872986,0.5,0.3,Viable tumour cell
-7.63611,-8.82148,0.3062028030751717,0.5,0.3,Viable tumour cell
-16.0297,-7.56227,0.7130177203139284,0.5,0.3,Viable tumour cell
-3.86754,-9.75666,0.2812896336030802,0.5,0.3,Viable tumour cell
-14.9582,3.1554,0.4939093874287958,0.5,0.3,Viable tumour cell
-10.4679,-5.23608,0.3080771508081662,0.5,0.3,Viable tumour cell
-7.34692,7.89658,0.2743338991678448,0.5,0.3,Viable tumour cell
-6.06571,6.33947,0.2507342462273613,0.5,0.3,Viable tumour cell
-0.373591,-9.31153,0.26741711891172515,0.5,0.3,Viable tumour cell
8.30802,2.78389,0.25324396106675334,0.5,0.3,Viable tumour cell
13.7996,-5.01201,0.4849312478574276,0.5,0.3,Viable tumour cell
13.3347,11.0442,0.6785289185549919,0.5,0.3,Viable tumour cell
6.13379,-7.62865,0.27522127650725653,0.5,0.3,Viable tumour cell
-2.31108,-13.597,0.4097339479596545,0.5,0.3,Viable tumour cell
-6.30891,17.902,0.8704212903298717,0.5,0.3,Viable tumour cell
-0.0178419,-6.8097,0.257415769106827,0.5,0.3,Necrotic
-5.12708,7.17671,0.2492630036899463,0.5,0.3,Viable tumour cell
-13.1229,3.48599,0.38262318706478604,0.5,0.3,Viable tumour cell
1.76872,-6.69333,0.2570304818419482,0.5,0.3,Necrotic
-12.4203,8.72128,0.4521742574911618,0.5,0.3,Viable tumour cell
-3.7146,4.80632,0.24776007243131576,0.5,0.3,Necrotic
-14.2372,-1.37064,0.4376490934193489,0.5,0.3,Viable tumour cell
14.2669,11.1963,0.7736095503543712,0.5,0.3,Viable tumour cell
9.47771,6.42878,0.2976688006977891,0.5,0.3,Viable tumour cell
-8.23698,14.127,0.5549898292005523,0.5,0.3,Viable tumour cell
10.9332,9.82332,0.44745764792280174,0.5,0.3,Viable tumour cell
14.6533,-9.44561,0.8027023556853727,0.5,0.3,Viable tumour cell
1.03212,-9.96825,0.2765017812509329,0.5,0.3,Viable tumour cell
2.25311,11.1809,0.2932077719666163,0.5,0.3,Viable tumour cell
-4.51066,-15.0853,0.5406426277712674,0.5,0.3,Viable tumour cell
-2.17064,10.5792,0.2807092254408206,0.5,0.3,Viable tumour cell
-14.1614,0.153411,0.42772042426105683,0.5,0.3,Viable tumour cell
-5.36617,-7.75743,0.2646186338269644,0.5,0.3,Viable tumour cell
-4.55385,8.74691,0.2591302135517246,0.5,0.3,Viable tumour cell
-11.2222,-1.35833,0.2998417267241698,0.5,0.3,Viable tumour cell
3.02477,-9.84125,0.2817546777320557,0.5,0.3,Viable tumour cell
2.24359,-11.3834,0.3179323818730618,0.5,0.3,Viable tumour cell
16.0612,2.03154,0.5699195746961574,0.5,0.3,Viable tumour cell
-7.07367,-5.53801,0.25584785164136614,0.5,0.3,Viable tumour cell
16.0452,-6.31339,0.7359785979570013,0.5,0.3,Viable tumour cell
5.63472,-17.3962,0.8258094630098597,0.5,0.3,Viable tumour cell
7.19606,6.83997,0.2607299755866321,0.5,0.3,Viable tumour cell
17.421,3.90542,0.7628289288857093,0.5,0.3,Viable tumour cell
6.12217,-13.343,0.4769687976826354,0.5,0.3,Viable tumour cell
-9.50582,-13.4601,0.5889322282845537,0.5,0.3,Viable tumour cell
-14.6451,-0.612023,0.4624131593830956,0.5,0.3,Viable tumour cell
2.09035,-18.1067,0.8213448864517883,0.5,0.3,Viable tumour cell
-4.74063,10.4873,0.2966029664916917,0.5,0.3,Viable tumour cell
4.76786,12.1562,0.3487122365201151,0.5,0.3,Viable tumour cell
-5.53761,8.08658,0.2563682909245758,0.5,0.3,Viable tumour cell
9.7912,-6.03633,0.3222020134871799,0.5,0.3,Viable tumour cell
0.0440892,12.2412,0.32312880145594536,0.5,0.3,Viable tumour cell
-12.6318,5.21101,0.3788965633817589,0.5,0.3,Viable tumour cell
5.92692,8.11567,0.26154966120973816,0.5,0.3,Viable tumour cell
-1.66319,-13.1922,0.38457621979105033,0.5,0.3,Viable tumour cell
4.2575,9.33657,0.26496208868950727,0.5,0.3,Viable tumour cell
-13.6769,-6.34523,0.4743541938856897,0.5,0.3,Viable tumour cell
7.96587,-4.50926,0.262373314052127,0.5,0.3,Viable tumour cell
-16.4091,7.14097,0.6888069966420459,0.5,0.3,Viable tumour cell
-10.5118,9.09614,0.37881686506373974,0.5,0.3,Viable tumour cell
-12.402,-10.9756,0.5624205465000338,0.5,0.3,Viable tumour cell
-0.853075,-6.84302,0.2575644133740531,0.5,0.3,Necrotic
-3.39339,12.1551,0.3376564416025,0.5,0.3,Viable tumour cell
10.8227,5.13349,0.31637697613077137,0.5,0.3,Viable tumour cell
-9.1463,10.8333,0.3940649372545796,0.5,0.3,Viable tumour cell
10.946,7.39356,0.36788629889479946,0.5,0.3,Viable tumour cell
-8.93912,12.7739,0.48844217113285204,0.5,0.3,Viable tumour cell
13.0951,6.2249,0.4410022836450913,0.5,0.3,Viable tumour cell
16.8415,8.90389,0.8860105131756049,0.5,0.3,Viable tumour cell
-1.71336,-16.2227,0.600612692024803,0.5,0.3,Viable tumour cell
-7.37494,12.8864,0.44287623310748303,0.5,0.3,Viable tumour cell
12.1779,-0.866358,0.3331237446886117,0.5,0.3,Viable tumour cell
4.77098,-6.67651,0.2583101690031506,0.5,0.3,Viable tumour cell
-2.22818,-9.18554,0.26750356320894564,0.5,0.3,Viable tumour cell
-11.2545,3.8022,0.3105159822039875,0.5,0.3,Viable tumour cell
0.982526,12.4305,0.3326798799973704,0.5,0.3,Viable tumour cell
11.8048,7.60207,0.41229967592579936,0.5,0.3,Viable tumour cell
16.269,7.10734,0.7361581424244115,0.5,0.3,Viable tumour cell
-2.36471,12.3195,0.3370669252203631,0.5,0.3,Viable tumour cell
-16.8602,-8.80284,0.8763956753987135,0.5,0.3,Viable tumour cell
-8.73406,-7.38654,0.2983399097280266,0.5,0.3,Viable tumour cell
-11.4344,0.917145,0.3034566373230031,0.5,0.3,Viable tumour cell
-8.04329,8.59992,0.29999798199227873,0.5,0.3,Viable tumour cell
3.92746,-15.059,0.535948100440438,0.5,0.3,Viable tumour cell
-7.23489,5.43975,0.25353928629075584,0.5,0.3,Viable tumour cell
13.8453,-7.67091,0.6095815693583533,0.5,0.3,Viable tumour cell
2.31511,15.2735,0.5079449391778668,0.5,0.3,Viable tumour cell
5.98919,13.3167,0.42800456328953956,0.5,0.3,Viable tumour cell
-9.41509,4.29074,0.269162884007662,0.5,0.3,Viable tumour cell
7.35155,4.62448,0.25021683473598316,0.5,0.3,Viable tumour cell
-9.76782,2.64708,0.26766172138365346,0.5,0.3,Viable tumour cell
14.3654,-2.57206,0.4644604644545109,0.5,0.3,Viable tumour cell
10.5339,12.9119,0.5988630216084594,0.5,0.3,Viable tumour cell
-8.86206,15.4592,0.7038460483734295,0.5,0.3,Viable tumour cell
-7.8145,-11.4119,0.3982880916525001,0.5,0.3,Viable tumour cell
10.462,-13.9683,0.755471955165516,0.5,0.3,Viable tumour cell
-11.9637,4.50942,0.34174052793356113,0.5,0.3,Viable tumour cell
-5.20532,-9.30386,0.2849005829500326,0.5,0.3,Viable tumour cell
-8.23461,-8.21333,0.3043592357383478,0.5,0.3,Viable tumour cell
-12.1192,-12.7557,0.6712411778037133,0.5,0.3,Viable tumour cell
-13.8662,0.992566,0.4128673347517493,0.5,0.3,Viable tumour cell
-1.23783,-11.034,0.29883682613496837,0.5,0.3,Viable tumour cell
-0.905533,-10.1,0.27880495426464674,0.5,0.3,Viable tumour cell
1.6309,14.4511,0.44414226654892586,0.5,0.3,Viable tumour cell
10.799,2.03334,0.28964723527107866,0.5,0.3,Viable tumour cell
-10.6517,-7.69978,0.3571646403709614,0.5,0.3,Viable tumour cell
-10.1622,-2.79523,0.2790461830217838,0.5,0.3,Viable tumour cell
12.8737,-1.72137,0.36958088314045767,0.5,0.3,Viable tumour cell
8.19136,9.45913,0.33190417923939625,0.5,0.3,Viable tumour cell
4.79331,-11.649,0.35920072444521395,0.5,0.3,Viable tumour cell
12.0563,0.656771,0.3252185525282429,0.5,0.3,Viable tumour cell
8.29679,-1.2976,0.250481898864733,0.5,0.3,Viable tumour cell
-8.04594,11.194,0.3794898369111549,0.5,0.3,Viable tumour cell
-13.5831,-13.1223,0.7982934324855815,0.5,0.3,Viable tumour cell
-13.9534,-4.68783,0.45877325318293494,0.5,0.3,Viable tumour cell
9.01753,-2.04929,0.2601527271822754,0.5,0.3,Viable tumour cell
-16.109,5.47605,0.6193421619544283,0.5,0.3,Viable tumour cell
-11.2107,-9.47017,0.43278280067849006,0.5,0.3,Viable tumour cell
9.67852,8.65429,0.35334488976344647,0.5,0.3,Viable tumour cell
6.63552,-3.05937,0.24692963336386486,0.5,0.3,Viable tumour cell
3.84291,-9.89147,0.28883520892646947,0.5,0.3,Viable tumour cell
-13.4461,-7.85223,0.500275284414734,0.5,0.3,Viable tumour cell
-12.5726,-3.92413,0.369842729971471,0.5,0.3,Viable tumour cell
9.03784,-10.4067,0.4296649211807217,0.5,0.3,Viable tumour cell
2.06932,13.5799,0.3915332331089676,0.5,0.3,Viable tumour cell
7.38744,-15.5808,0.7139827306508278,0.5,0.3,Viable tumour cell
-13.0636,-1.34104,0.3714882416566787,0.5,0.3,Viable tumour cell
6.00336,-9.15745,0.3014511369864884,0.5,0.3,Viable tumour cell
8.38148,-8.41131,0.33872100243271885,0.5,0.3,Viable tumour cell
-12.7996,2.07365,0.3584829032495047,0.5,0.3,Viable tumour cell
4.72414,-14.2232,0.4943229470626679,0.5,0.3,Viable tumour cell
-7.8955,6.19728,0.26003933150253955,0.5,0.3,Viable tumour cell
3.47986,-9.01997,0.2706504128488191,0.5,0.3,Viable tumour cell
-8.65307,-9.05442,0.33335503866287436,0.5,0.3,Viable tumour cell
9.30915,-11.1397,0.47894507971441774,0.5,0.3,Viable tumour cell
-12.3204,11.1322,0.5589832989683193,0.5,0.3,Viable tumour cell
-1.50759,13.0686,0.36507169945848295,0.5,0.3,Viable tumour cell
9.90727,-4.35598,0.2983138039928995,0.5,0.3,Viable tumour cell
-13.7209,9.99248,0.5862601918549555,0.5,0.3,Viable tumour cell
-11.677,-0.0457598,0.3117546872243582,0.5,0.3,Viable tumour cell
-11.9862,-0.671009,0.32360991083878005,0.5,0.3,Viable tumour cell
-11.8856,-8.65588,0.43516863948657114,0.5,0.3,Viable tumour cell
4.46901,-12.4682,0.38951312126983834,0.5,0.3,Viable tumour cell
-9.81801,0.229454,0.2664432713048019,0.5,0.3,Viable tumour cell
-13.2524,-5.63551,0.4342670644049954,0.5,0.3,Viable tumour cell
11.9245,-10.8119,0.6295663575651083,0.5,0.3,Viable tumour cell
-14.4933,4.91634,0.4801961289409501,0.5,0.3,Viable tumour cell
-9.1887,-8.45449,0.33160719244598985,0.5,0.3,Viable tumour cell
11.3298,1.25726,0.30314409932539704,0.5,0.3,Viable tumour cell
7.94019,-6.03772,0.27721437665576343,0.5,0.3,Viable tumour cell
11.3985,13.4316,0.7042943178214094,0.5,0.3,Viable tumour cell
-16.6029,1.27136,0.6388151907018519,0.5,0.3,Viable tumour cell
-4.03978,16.3342,0.6317144426022525,0.5,0.3,Viable tumour cell
11.2929,8.38878,0.41132802555183506,0.5,0.3,Viable tumour cell
-8.47543,7.71959,0.29065083938371644,0.5,0.3,Viable tumour cell
8.09289,-7.67614,0.3113595199819298,0.5,0.3,Viable tumour cell
-12.1002,-3.00198,0.33935159459765896,0.5,0.3,Viable tumour cell
12.6447,-4.20567,0.3980656644659376,0.5,0.3,Viable tumour cell
-14.6717,1.72163,0.4667643021523257,0.5,0.3,Viable tumour cell
-4.96211,-13.2911,0.42657578472098256,0.5,0.3,Viable tumour cell
-5.69249,-10.1056,0.3073733862419192,0.5,0.3,Viable tumour cell
-6.34159,16.9149,0.7529031297356219,0.5,0.3,Viable tumour cell
2.98879,9.70175,0.26256578037347955,0.5,0.3,Viable tumour cell
-10.8738,-2.07224,0.29247959543003,0.5,0.3,Viable tumour cell
7.52745,-2.88797,0.24973032108713092,0.5,0.3,Viable tumour cell
12.8307,-10.8579,0.7092219856189591,0.5,0.3,Viable tumour cell
-0.183118,11.3555,0.29451160444964897,0.5,0.3,Viable tumour cell
-2.31527,14.1557,0.43218255638874137,0.5,0.3,Viable tumour cell
10.0061,4.81905,0.2905128708721798,0.5,0.3,Viable tumour cell
16.6156,3.80228,0.6629895516424167,0.5,0.3,Viable tumour cell
-13.5807,9.12688,0.5368854339902598,0.5,0.3,Viable tumour cell
-12.4056,-1.47131,0.3431909073195106,0.5,0.3,Viable tumour cell
10.2103,8.22414,0.36025000297597676,0.5,0.3,Viable tumour cell
4.25227,16.13,0.5932475183915266,0.5,0.3,Viable tumour cell
11.6767,2.18944,0.3169018076974638,0.5,0.3,Viable tumour cell
-1.93922,-11.6464,0.32066782552013207,0.5,0.3,Viable tumour cell
7.58448,10.1633,0.33609006926820195,0.5,0.3,Viable tumour cell
12.1562,-4.98627,0.39132547864121336,0.5,0.3,Viable tumour cell
10.007,9.59654,0.39588766814609766,0.5,0.3,Viable tumour cell
-12.1545,7.01168,0.3923539625182594,0.5,0.3,Viable tumour cell
9.47947,-5.31209,0.30222564564643645,0.5,0.3,Viable tumour cell
17.6803,-3.92525,0.8057292513427702,0.5,0.3,Viable tumour cell
4.33344,-13.3976,0.4344511553827314,0.5,0.3,Viable tumour cell
8.7531,13.7942,0.5562178479350308,0.5,0.3,Viable tumour cell
-0.91807,11.3161,0.29480744600624315,0.5,0.3,Viable tumour cell
6.51663,12.5623,0.4041234352417302,0.5,0.3,Viable tumour cell
-17.7754,-4.6744,0.828091432972401,0.5,0.3,Viable tumour cell
12.4981,4.61177,0.37770552399760465,0.5,0.3,Viable tumour cell
-9.48095,-5.17959,0.28288513325671905,0.5,0.3,Viable tumour cell
13.8918,5.85974,0.4811313780367836,0.5,0.3,Viable tumour cell
-4.87302,-15.8531,0.616686721654938,0.5,0.3,Viable tumour cell
-9.04851,8.37146,0.31581277319920814,0.5,0.3,Viable tumour cell
16.2886,-4.58002,0.6745743061496385,0.5,0.3,Viable tumour cell
14.3514,-6.97447,0.6126885984041998,0.5,0.3,Viable tumour cell
-15.61,7.31547,0.6230809329000003,0.5,0.3,Viable tumour cell
16.362,0.43921,0.587333732937267,0.5,0.3,Viable tumour cell
-6.66636,-13.7514,0.4958037497471315,0.5,0.3,Viable tumour cell
-6.33783,-15.5094,0.6267184302764973,0.5,0.3,Viable tumour cell
-11.5174,6.26216,0.35097125068414603,0.5,0.3,Viable tumour cell
-13.9256,-10.5594,0.6455232699692053,0.5,0.3,Viable tumour cell
2.72607,10.566,0.27814972958977774,0.5,0.3,Viable tumour cell
14.6473,-1.78798,0.46849331907543457,0.5,0.3,Viable tumour cell
13.856,0.922886,0.40946744905032567,0.5,0.3,Viable tumour cell
5.83146,11.5932,0.34578356040362096,0.5,0.3,Viable tumour cell
-2.60294,11.3278,0.30351999455458323,0.5,0.3,Viable tumour cell
-0.427048,10.5164,0.2742699073518161,0.5,0.3,Viable tumour cell
-10.3181,9.80661,0.3952534839606406,0.5,0.3,Viable tumour cell
14.0256,10.3316,0.6849355118912993,0.5,0.3,Viable tumour cell
7.71543,-12.9654,0.5115243906990099,0.5,0.3,Viable tumour cell
2.1205,-14.9732,0.5008216498523359,0.5,0.3,Viable tumour cell
1.51271,-9.27112,0.26661934895422257,0.5,0.3,Viable tumour cell
5.44618,14.1053,0.45992378511992493,0.5,0.3,Viable tumour cell
-9.64584,6.57931,0.2978115294959164,0.5,0.3,Viable tumour cell
10.6684,-14.791,0.8511759397441757,0.5,0.3,Viable tumour cell
-4.69365,17.8701,0.8240157901847824,0.5,0.3,Viable tumour cell
-1.38341,17.4418,0.7406658590103541,0.5,0.3,Viable tumour cell
1.8357,12.7694,0.3492429885248051,0.5,0.3,Viable tumour cell
10.3418,14.5165,0.7108080677084776,0.5,0.3,Viable tumour cell
-10.3502,12.4315,0.5326966068492488,0.5,0.3,Viable tumour cell
-15.1961,2.39334,0.5092897120802151,0.5,0.3,Viable tumour cell
12.8313,10.2634,0.5882581248723617,0.5,0.3,Viable tumour cell
-4.00508,10.4029,0.2869699924876402,0.5,0.3,Viable tumour cell
-5.62553,13.695,0.4458959215381587,0.5,0.3,Viable tumour cell
15.165,4.49017,0.5446180410577819,0.5,0.3,Viable tumour cell
5.80091,16.1408,0.6270136091434249,0.5,0.3,Viable tumour cell
-2.38234,16.4455,0.6289282626508936,0.5,0.3,Viable tumour cell
10.7138,-4.29446,0.32154159887081063,0.5,0.3,Viable tumour cell
-7.24684,-15.5062,0.6687183030834248,0.5,0.3,Viable tumour cell
-1.34063,-15.559,0.5396553655955183,0.5,0.3,Viable tumour cell
-5.11462,-11.0186,0.3242816229255061,0.5,0.3,Viable tumour cell
-13.5938,-2.20974,0.40277642318981866,0.5,0.3,Viable tumour cell
-13.307,12.4977,0.7223329546854625,0.5,0.3,Viable tumour cell
-0.915531,14.6971,0.46434704344025013,0.5,0.3,Viable tumour cell
9.43238,-6.81809,0.32846126357316513,0.5,0.3,Viable tumour cell
1.18169,-11.5428,0.317350981130296,0.5,0.3,Viable tumour cell
-17.1927,4.39568,0.7266410553918573,0.5,0.3,Viable tumour cell
-10.8937,-6.04233,0.3322869151330432,0.5,0.3,Viable tumour cell
-11.4045,-5.41918,0.34269255170568236,0.5,0.3,Viable tumour cell
8.35031,-12.3718,0.5056226888770814,0.5,0.3,Viable tumour cell
-16.2458,-3.83836,0.6326022337513829,0.5,0.3,Viable tumour cell
13.3566,6.99707,0.47872596651270494,0.5,0.3,Viable tumour cell
-3.02824,-11.0901,0.30782884482270056,0.5,0.3,Viable tumour cell
-10.3385,7.39726,0.3312475463424362,0.5,0.3,Viable tumour cell
-6.30642,-7.89893,0.2710828407593878,0.5,0.3,Viable tumour cell
-9.50215,-9.18214,0.36017182996065866,0.5,0.3,Viable tumour cell
6.68121,9.97469,0.3096946509679615,0.5,0.3,Viable tumour cell
15.879,-3.58977,0.60265780365094,0.5,0.3,Viable tumour cell
-10.8679,2.53567,0.2908627086972764,0.5,0.3,Viable tumour cell
-7.51932,-10.4773,0.3513999005488604,0.5,0.3,Viable tumour cell
11.0902,-9.10064,0.4734678646020464,0.5,0.3,Viable tumour cell
18.7053,2.40084,0.8587926493123329,0.5,0.3,Viable tumour cell
17.9467,0.630385,0.7446479373737224,0.5,0.3,Viable tumour cell
11.9984,2.91663,0.33549799747440373,0.5,0.3,Viable tumour cell
0.836134,11.4613,0.2985753220706493,0.5,0.3,Viable tumour cell
14.614,0.623724,0.4535790640659027,0.5,0.3,Viable tumour cell
-4.40647,11.2095,0.31373646884507655,0.5,0.3,Viable tumour cell
-2.98577,-15.2902,0.5318095976373685,0.5,0.3,Viable tumour cell
-8.68756,-14.7964,0.66719625494152,0.5,0.3,Viable tumour cell
12.1731,13.9516,0.8153770268643289,0.5,0.3,Viable tumour cell
8.72143,8.7146,0.3268256537561007,0.5,0.3,Viable tumour cell
9.50961,-2.73245,0.2723138214318251,0.5,0.3,Viable tumour cell
-9.24377,-14.2301,0.6420099292654603,0.5,0.3,Viable tumour cell
10.6479,-2.6769,0.29981834665702667,0.5,0.3,Viable tumour cell
-9.97914,-14.4569,0.705848627414297,0.5,0.3,Viable tumour cell
-3.40601,-13.9353,0.440955042535931,0.5,0.3,Viable tumour cell
10.5085,13.4728,0.6372717814436187,0.5,0.3,Viable tumour cell
14.1604,8.16664,0.579772102145594,0.5,0.3,Viable tumour cell
-11.0729,9.72534,0.42470249638299507,0.5,0.3,Viable tumour cell
14.8023,-4.98654,0.557601323248024,0.5,0.3,Viable tumour cell
-12.9304,-4.63436,0.3972283792377527,0.5,0.3,Viable tumour cell
-9.89107,8.30698,0.33657959229794837,0.5,0.3,Viable tumour cell
13.6168,-4.19694,0.44971663079076163,0.5,0.3,Viable tumour cell
-6.92948,-11.3072,0.3691191026844688,0.5,0.3,Viable tumour cell
5.5837,-9.96101,0.31469714997776477,0.5,0.3,Viable tumour cell
6.47526,-8.29651,0.2926339587448702,0.5,0.3,Viable tumour cell
17.0935,-4.76846,0.7638081167184902,0.5,0.3,Viable tumour cell
14.1133,-3.38851,0.46310869404962207,0.5,0.3,Viable tumour cell
10.4385,-8.25068,0.40971113374234097,0.5,0.3,Viable tumour cell
14.2238,-8.4646,0.6961105163508214,0.5,0.3,Viable tumour cell
-16.4659,9.6803,0.8271235676181393,0.5,0.3,Viable tumour cell
-16.6978,-0.650202,0.6472391462464137,0.5,0.3,Viable tumour cell
-0.399025,-10.9944,0.29710931363153437,0.5,0.3,Viable tumour cell
-18.3686,-0.13973,0.8638465054394409,0.5,0.3,Viable tumour cell
-4.92773,16.9444,0.7124418444122128,0.5,0.3,Viable tumour cell
-14.3122,-8.07771,0.5692856572938729,0.5,0.3,Viable tumour cell
0.857117,-13.2983,0.38827392900252805,0.5,0.3,Viable tumour cell
-4.61413,-12.506,0.37950137017785657,0.5,0.3,Viable tumour cell
2.74626,17.6289,0.7527083073530847,0.5,0.3,Viable tumour cell
-11.7798,8.03891,0.398699701868001,0.5,0.3,Viable tumour cell
-14.4105,-9.14053,0.6198102262539615,0.5,0.3,Viable tumour cell
-13.1027,1.10483,0.36913167808145464,0.5,0.3,Viable tumour cell
-2.00894,14.9341,0.4879368098734844,0.5,0.3,Viable tumour cell
10.983,-1.93625,0.30274126864030937,0.5,0.3,Viable tumour cell
11.1299,-3.48498,0.32384400500860666,0.5,0.3,Viable tumour cell
-6.53449,14.0638,0.4928896572653825,0.5,0.3,Viable tumour cell
-16.8578,-7.8634,0.8335770033959728,0.5,0.3,Viable tumour cell
-8.33883,-6.5991,0.27996687053668096,0.5,0.3,Viable tumour cell
-13.6901,1.82811,0.40386059377953143,0.5,0.3,Viable tumour cell
3.73977,14.363,0.45066270623049787,0.5,0.3,Viable tumour cell
16.3885,-1.97945,0.6078292545037263,0.5,0.3,Viable tumour cell
-1.55799,-12.1145,0.33597740050955627,0.5,0.3,Viable tumour cell
14.9176,1.51405,0.477602491246294,0.5,0.3,Viable tumour cell
-3.27417,13.9158,0.42467172414261456,0.5,0.3,Viable tumour cell
-8.18041,15.906,0.7167301360249396,0.5,0.3,Viable tumour cell
-5.94434,12.0811,0.36660725623045604,0.5,0.3,Viable tumour cell
-16.4098,-6.05942,0.7068745519172261,0.5,0.3,Viable tumour cell
3.6625,13.4105,0.3934648404555257,0.5,0.3,Viable tumour cell
7.81287,-9.23551,0.34419448483844306,0.5,0.3,Viable tumour cell
10.638,-9.82779,0.4824750428326672,0.5,0.3,Viable tumour cell
7.50185,-6.79299,0.28186834383961157,0.5,0.3,Viable tumour cell
-14.263,-5.57579,0.4977099851754851,0.5,0.3,Viable tumour cell
0.647392,-10.9209,0.2964801944694574,0.5,0.3,Viable tumour cell
1.87398,-15.6983,0.5587168973492197,0.5,0.3,Viable tumour cell
-9.4885,-10.8346,0.4207857971824229,0.5,0.3,Viable tumour cell
-10.5379,3.07301,0.285701603164607,0.5,0.3,Viable tumour cell
-17.3491,-0.449116,0.7235530220596817,0.5,0.3,Viable tumour cell
12.8303,-7.52585,0.5205884932842392,0.5,0.3,Viable tumour cell
12.7574,7.76628,0.4689445826071067,0.5,0.3,Viable tumour cell
11.9553,5.40618,0.36545394979691986,0.5,0.3,Viable tumour cell
-12.9615,-12.5918,0.7099018718154311,0.5,0.3,Viable tumour cell
11.2984,10.6089,0.5043646985673106,0.5,0.3,Viable tumour cell
-11.499,-15.1973,0.8887839836481036,0.5,0.3,Macrophage
-13.338,14.3699,0.9260841949979497,0.5,0.3,Macrophage
-16.2271,-9.46195,0.8318702217782888,0.5,0.3,Macrophage
18.1119,-4.79869,0.8847515550519265,0.5,0.3,Macrophage
-12.3774,14.0416,0.7981892767851069,0.5,0.3,Macrophage
19.9341,2.4272,0.9940451355271493,0.5,0.3,Macrophage
18.4769,-3.21536,0.9133012068866426,0.5,0.3,Macrophage
-14.2128,12.6766,0.8083298610490696,0.5,0.3,Macrophage
13.252,-13.3703,0.9999999996028671,0.5,0.3,Macrophage
9.18753,-16.1593,0.888321240049994,0.5,0.3,Macrophage
-7.12275,-18.7662,0.990516336131486,0.5,0.3,Macrophage
-2.77857,18.2359,0.864283759155498,0.5,0.3,Macrophage
15.2364,-8.65954,0.8267020679421224,0.5,0.3,Macrophage
0.0348632,-18.9427,0.989516111138087,0.5,0.3,Macrophage
-18.1133,-6.62537,0.96263880781435,0.5,0.3,Macrophage
16.0197,-9.36729,0.999999999602867,0.5,0.3,Macrophage
15.2672,11.3941,0.874725418184208,0.5,0.3,Macrophage
-18.7242,-4.9259,0.9607977880604391,0.5,0.3,Macrophage
18.5152,5.61056,0.999999999602867,0.5,0.3,Macrophage
-19.1584,2.30302,0.9733616841086161,0.5,0.3,Macrophage
11.3897,-14.08,0.8503960564476926,0.5,0.3,Macrophage
19.2491,3.34949,0.9412323216362317,0.5,0.3,Macrophage
17.1204,-6.52893,0.8673581456685474,0.5,0.3,Macrophage
12.4782,-10.0747,0.6230149614682674,0.5,0.3,Macrophage
-8.98887,-16.8903,0.9809692157391536,0.5,0.3,Macrophage
16.3289,9.69692,0.8775486376072813,0.5,0.3,Macrophage
2.00757,18.1203,0.8325170030139226,0.5,0.3,Macrophage
-5.46432,18.408,0.9204173024199684,0.5,0.3,Macrophage
17.825,2.22631,0.7492157459857639,0.5,0.3,Macrophage
-5.06428,-16.9027,0.7259539817015527,0.5,0.3,Macrophage
-8.92666,-15.904,0.8159578953543285,0.5,0.3,Macrophage
-18.9743,-0.967953,0.9946184642111461,0.5,0.3,Macrophage
-3.67303,-18.0622,0.8494140891903458,0.5,0.3,Macrophage
-16.2491,7.99345,0.7080403578349163,0.5,0.3,Macrophage
-18.0511,-3.73305,0.848878406196248,0.5,0.3,Macrophage
-19.4972,1.37169,0.999999999602867,0.5,0.3,Macrophage
17.3623,5.58554,0.8565692594694228,0.5,0.3,Macrophage
-12.1655,12.2337,0.6234245764552527,0.5,0.3,Macrophage
-11.5631,-16.216,0.999999999602867,0.5,0.3,Macrophage
-8.01015,-17.4831,0.9429553772780749,0.5,0.3,Macrophage
-15.4286,-11.501,0.8269394680079258,0.5,0.3,Macrophage
13.1739,13.5204,0.8840386269202551,0.5,0.3,Macrophage
-0.832402,18.3152,0.8760517750593286,0.5,0.3,Macrophage
6.62555,16.526,0.693596322686109,0.5,0.3,Macrophage
-18.4022,0.855967,0.8893659134412117,0.5,0.3,Macrophage
-8.4975,17.4894,0.9471681872390025,0.5,0.3,Macrophage
1.77456,16.1973,0.5895551685126439,0.5,0.3,Macrophage
13.6598,11.9757,0.795638223269277,0.5,0.3,Macrophage
-19.6351,3.74124,0.999999999602867,0.5,0.3,Macrophage
1.53376,-19.0709,0.9679355743073912,0.5,0.3,Macrophage
-18.8923,-2.45694,0.9580050699742355,0.5,0.3,Macrophage
3.71316,17.8135,0.7694430569629829,0.5,0.3,Macrophage
-18.569,5.61036,0.9147359025919192,0.5,0.3,Macrophage
-9.50223,16.0846,0.8167961536093342,0.5,0.3,Macrophage
-18.0701,7.53577,0.8846993562586762,0.5,0.3,Macrophage
1.2079,18.72,0.9474495563357976,0.5,0.3,Macrophage
-16.7578,-7.00456,0.7896045914152166,0.5,0.3,Macrophage
-9.85548,-17.5862,0.9999999996028669,0.5,0.3,Macrophage
-17.0411,-5.23241,0.7497274769996221,0.5,0.3,Macrophage
-5.01875,-18.608,0.9444985336925176,0.5,0.3,Macrophage
18.3257,7.29386,0.9801735843605064,0.5,0.3,Macrophage
17.8896,6.43096,0.963409900235707,0.5,0.3,Macrophage
18.9228,0.53567,0.861288726061596,0.5,0.3,Macrophage
-1.0445,-19.0677,0.9313894178623771,0.5,0.3,Macrophage
-14.3256,8.37503,0.5607925347666558,0.5,0.3,Macrophage
-19.6702,0.291284,0.997847497957202,0.5,0.3,Macrophage
-15.7522,11.645,0.867551625381243,0.5,0.3,Macrophage
11.0748,15.1818,0.8269281021308641,0.5,0.3,Macrophage
18.4877,4.06,0.9179779886494265,0.5,0.3,Macrophage
-6.46299,-17.9552,0.8901265191075449,0.5,0.3,Macrophage
15.7944,-10.3991,0.9823303222991311,0.5,0.3,Macrophage
-10.4073,-16.6558,0.9625392744053352,0.5,0.3,Macrophage
-12.9839,-14.8126,0.9712766954916408,0.5,0.3,Macrophage
7.67706,18.0039,0.8996393079169966,0.5,0.3,Macrophage
-18.2133,4.06821,0.8669976230184395,0.5,0.3,Macrophage
16.5105,-8.4863,0.937886650860273,0.5,0.3,Macrophage
1.14237,-18.1839,0.8533528514042534,0.5,0.3,Macrophage
18.3493,-1.12012,0.8083680923887057,0.5,0.3,Macrophage
16.7927,7.97078,0.8362418901263042,0.5,0.3,Macrophage
-1.62604,-17.4073,0.7312925608383856,0.5,0.3,Macrophage
0.306606,19.2072,0.9756520792834322,0.5,0.3,Macrophage
-14.4972,-12.9733,0.8499068566137593,0.5,0.3,Macrophage
13.8197,-10.9622,0.8068328534791427,0.5,0.3,Macrophage
-16.9641,8.78866,0.8368920007094546,0.5,0.3,Macrophage
6.6475,-17.1825,0.8543788491881285,0.5,0.3,Macrophage
14.3579,-11.8401,0.929988363878108,0.5,0.3,Macrophage
12.6803,-12.5733,0.8982727846769142,0.5,0.3,Macrophage
-16.3947,3.66889,0.6308828202102215,0.5,0.3,Macrophage
9.33678,17.18,0.8919418488491986,0.5,0.3,Macrophage
-2.59785,-18.7712,0.9431090107031559,0.5,0.3,Macrophage
2.65838,-17.3111,0.734750268020236,0.5,0.3,Macrophage
-12.6699,-13.5672,0.782179508825522,0.5,0.3,Macrophage
-18.7048,3.17713,0.9495878070958823,0.5,0.3,Macrophage
-16.1912,10.5854,0.8558080941939841,0.5,0.3,Macrophage
-7.17272,17.4453,0.8562738912983043,0.5,0.3,Macrophage
17.5563,-8.74738,0.999999999602867,0.5,0.3,Macrophage
15.3401,-6.9181,0.7030445354505219,0.5,0.3,Macrophage
16.7138,-10.1157,0.999999999602867,0.5,0.3,Macrophage
17.2176,-7.78574,0.9764577483172543,0.5,0.3,Macrophage
-17.1163,2.02271,0.6989482629191849,0.5,0.3,Macrophage
3.93889,-11.6491,0.3449246147193198,0.5,0.3,Viable tumour cell
7.90381,13.5048,0.49855541672617715,0.5,0.3,Viable tumour cell
-4.95019,13.1468,0.39960470448949237,0.5,0.3,Viable tumour cell
17.1875,7.16642,0.8525465336673779,0.5,0.3,Viable tumour cell
-8.42004,10.1379,0.3496225502225968,0.5,0.3,Viable tumour cell
-10.2903,-13.6335,0.6420213005430249,0.5,0.3,Viable tumour cell
10.3629,10.2262,0.43858350076204605,0.5,0.3,Viable tumour cell
0.346541,-15.0209,0.4934941134865184,0.5,0.3,Viable tumour cell
0.0460864,-12.5898,0.353695967732781,0.5,0.3,Viable tumour cell
-10.8231,13.1974,0.6066977990793393,0.5,0.3,Viable tumour cell
-15.3699,4.68178,0.5446199681490098,0.5,0.3,Viable tumour cell
2.31259,-16.5314,0.6445558130177513,0.5,0.3,Viable tumour cell
-0.928856,-13.6746,0.40795847620288295,0.5,0.3,Viable tumour cell
11.6858,9.10963,0.4576206505858882,0.5,0.3,Viable tumour cell
3.6769,-17.3765,0.7651515151911477,0.5,0.3,Viable tumour cell
12.7774,-5.79762,0.4466313732153153,0.5,0.3,Viable tumour cell
4.97341,13.1591,0.3966034294971904,0.5,0.3,Viable tumour cell
11.4399,-6.69822,0.4050317914678646,0.5,0.3,Viable tumour cell
-13.826,4.23289,0.42733715350482276,0.5,0.3,Viable tumour cell
6.63913,-15.2132,0.6367479440626476,0.5,0.3,Viable tumour cell
14.6542,12.1344,0.886647036074814,0.5,0.3,Viable tumour cell
14.1138,4.42078,0.46333398525335,0.5,0.3,Viable tumour cell
-11.8543,14.8208,0.8342535942008958,0.5,0.3,Viable tumour cell
8.45937,11.8828,0.43142526858157204,0.5,0.3,Viable tumour cell
1.6386,-13.4782,0.4019759085470685,0.5,0.3,Viable tumour cell
5.16742,16.6251,0.657220579534684,0.5,0.3,Viable tumour cell
7.92649,11.1533,0.3818185249298667,0.5,0.3,Viable tumour cell
15.8983,7.86279,0.7202294094214481,0.5,0.3,Viable tumour cell
-6.03674,-11.125,0.34400289052018573,0.5,0.3,Viable tumour cell
-17.9573,-1.0145,0.8139930584309986,0.5,0.3,Viable tumour cell
7.37454,17.1036,0.7827686038906874,0.5,0.3,Viable tumour cell
16.6991,-2.9988,0.6642538956527139,0.5,0.3,Viable tumour cell
1.09205,16.7176,0.6471667035448492,0.5,0.3,Viable tumour cell
14.4847,5.26555,0.5103537434217474,0.5,0.3,Viable tumour cell
5.7267,-13.9688,0.503825353397108,0.5,0.3,Viable tumour cell
-17.148,-2.33516,0.7088712356635161,0.5,0.3,Viable tumour cell
13.4021,-6.72762,0.5235804145849563,0.5,0.3,Viable tumour cell
9.92822,-11.4498,0.5296906357390507,0.5,0.3,Viable tumour cell
0.228495,-16.0096,0.5756874197538496,0.5,0.3,Viable tumour cell
0.281282,-16.7014,0.6502314428939332,0.5,0.3,Viable tumour cell
-15.403,5.29273,0.5546939605506299,0.5,0.3,Viable tumour cell
-15.2621,8.23134,0.6281069090953986,0.5,0.3,Viable tumour cell
-5.05828,12.3501,0.36541156656394436,0.5,0.3,Viable tumour cell
-13.0369,6.9063,0.42973711651204693,0.5,0.3,Viable tumour cell
10.0066,-12.3754,0.5946340364646624,0.5,0.3,Viable tumour cell
9.88283,-15.5138,0.8543991488872185,0.5,0.3,Viable tumour cell
-12.0946,9.58063,0.4673865846480909,0.5,0.3,Viable tumour cell
-0.491343,-17.0259,0.6839895398690561,0.5,0.3,Viable tumour cell
3.51161,-12.4242,0.37072695407105527,0.5,0.3,Viable tumour cell
3.16217,15.1441,0.500686257748841,0.5,0.3,Viable tumour cell
15.8528,6.22207,0.6650629133445293,0.5,0.3,Viable tumour cell
-3.1562,17.3676,0.7408583109745873,0.5,0.3,Viable tumour cell
-12.8333,-9.5823,0.5232591219007134,0.5,0.3,Viable tumour cell
-17.9235,-2.83048,0.8192643256737933,0.5,0.3,Viable tumour cell
-5.30963,-14.4083,0.5071191657593395,0.5,0.3,Viable tumour cell
-2.4345,-17.7068,0.776707753269276,0.5,0.3,Viable tumour cell
-1.66659,-18.2547,0.8351355239459802,0.5,0.3,Viable tumour cell
-11.831,13.1931,0.6743820926899289,0.5,0.3,Viable tumour cell
0.945061,14.1953,0.42562753200046105,0.5,0.3,Viable tumour cell
1.88513,-11.9613,0.33430115021989704,0.5,0.3,Viable tumour cell
-8.70214,16.5397,0.8235712662658476,0.5,0.3,Viable tumour cell
14.7577,10.5209,0.7609211797078141,0.5,0.3,Viable tumour cell
13.1976,-10.0813,0.6861180151258023,0.5,0.3,Viable tumour cell
-17.2328,-6.11416,0.8077132500191058,0.5,0.3,Viable tumour cell
0.038232,13.9734,0.4079401770302211,0.5,0.3,Viable tumour cell
-11.7778,-6.1218,0.3676807058452978,0.5,0.3,Viable tumour cell
5.83573,-11.6599,0.38121388273499873,0.5,0.3,Viable tumour cell
-17.0812,7.77978,0.787879918141253,0.5,0.3,Viable tumour cell
13.5996,7.73993,0.5225839563535915,0.5,0.3,Viable tumour cell
6.81857,11.6952,0.3716765953203953,0.5,0.3,Viable tumour cell
11.0071,-10.5656,0.5452169528649745,0.5,0.3,Viable tumour cell
-9.0267,13.7524,0.5579447244371558,0.5,0.3,Viable tumour cell
10.6646,-11.2283,0.562772570443122,0.5,0.3,Viable tumour cell
-2.29954,-12.5429,0.3571506080154865,0.5,0.3,Viable tumour cell
-13.7068,7.66549,0.4933746917101591,0.5,0.3,Viable tumour cell
-3.89138,-15.7452,0.5857326136436176,0.5,0.3,Viable tumour cell
9.70765,-8.12902,0.3736642263548513,0.5,0.3,Viable tumour cell
6.16305,14.1882,0.482262766637496,0.5,0.3,Viable tumour cell
-17.28,6.82945,0.766607483051406,0.5,0.3,Viable tumour cell
4.86298,17.5121,0.7474032222521885,0.5,0.3,Viable tumour cell
1.3368,13.319,0.3743370886449537,0.5,0.3,Viable tumour cell
-16.372,2.02053,0.6154155732947821,0.5,0.3,Viable tumour cell
-6.04773,-14.5256,0.5355333302828513,0.5,0.3,Viable tumour cell
-11.4119,-12.4726,0.6058485573084011,0.5,0.3,Viable tumour cell
1.33,-14.4306,0.45656896465237573,0.5,0.3,Viable tumour cell
0.292464,13.0743,0.3599593463020292,0.5,0.3,Viable tumour cell
15.4313,0.427322,0.5114120697836392,0.5,0.3,Viable tumour cell
-8.41356,12.4866,0.4532739423700023,0.5,0.3,Viable tumour cell
16.3516,3.01509,0.6145973145208253,0.5,0.3,Viable tumour cell
7.55433,-16.5454,0.8308373953368118,0.5,0.3,Viable tumour cell
8.04395,-11.0568,0.41958573188558307,0.5,0.3,Viable tumour cell
-15.3655,-6.01884,0.5979082961016546,0.5,0.3,Viable tumour cell
14.9094,-3.5175,0.5205468265056085,0.5,0.3,Viable tumour cell
-17.8394,4.91619,0.8160386636935922,0.5,0.3,Viable tumour cell
-15.8902,-5.44435,0.6319841992932103,0.5,0.3,Viable tumour cell
-15.1844,-8.77369,0.6725604957491249,0.5,0.3,Viable tumour cell
-7.70495,-14.5672,0.5972324956152641,0.5,0.3,Viable tumour cell
15.1163,7.95513,0.650636572519361,0.5,0.3,Viable tumour cell
4.57842,-17.5294,0.8064965739818848,0.5,0.3,Viable tumour cell
-16.9682,5.20182,0.702798209016101,0.5,0.3,Viable tumour cell
15.3426,9.53644,0.75730312904739,0.5,0.3,Viable tumour cell
4.21575,15.3699,0.5294527140821916,0.5,0.3,Viable tumour cell
-11.4721,11.4618,0.532886554625435,0.5,0.3,Viable tumour cell
12.7788,5.47069,0.4060032946441379,0.5,0.3,Viable tumour cell
-13.2577,8.30757,0.4856353179239402,0.5,0.3,Viable tumour cell
-9.76349,14.9674,0.7027777107214968,0.5,0.3,Viable tumour cell
9.31359,-8.81172,0.38004094534710187,0.5,0.3,Viable tumour cell
-4.58904,-17.6797,0.8120504716714493,0.5,0.3,Viable tumour cell
14.6366,-0.0183392,0.4547531393205997,0.5,0.3,Viable tumour cell
-5.4331,-17.6995,0.8292722646688648,0.5,0.3,Viable tumour cell
-13.6173,-3.91125,0.4249665986432285,0.5,0.3,Viable tumour cell
9.3257,-12.0711,0.535758165739614,0.5,0.3,Viable tumour cell
11.015,11.6842,0.5496198916207943,0.5,0.3,Viable tumour cell
16.0312,-2.90912,0.5961555620118171,0.5,0.3,Viable tumour cell
11.5421,12.5043,0.6396914078711982,0.5,0.3,Viable tumour cell
-13.5467,5.20606,0.42515012705803756,0.5,0.3,Viable tumour cell
-0.672901,13.9123,0.4081318790414421,0.5,0.3,Viable tumour cell
-15.6119,-0.797743,0.5401005080896366,0.5,0.3,Viable tumour cell
6.11492,-15.5983,0.6501054732500859,0.5,0.3,Viable tumour cell
-10.7497,14.8914,0.754207269312077,0.5,0.3,Viable tumour cell
17.1287,0.356401,0.6581982515483172,0.5,0.3,Viable tumour cell
12.9884,-5.07947,0.4341745783984871,0.5,0.3,Viable tumour cell
7.00197,-13.4882,0.5155462544112673,0.5,0.3,Viable tumour cell
8.21766,12.7589,0.46793271172809237,0.5,0.3,Viable tumour cell
3.2191,-16.597,0.6647366631375534,0.5,0.3,Viable tumour cell
8.36734,-10.202,0.39511220839213607,0.5,0.3,Viable tumour cell
-16.2068,4.63615,0.6188980085212845,0.5,0.3,Viable tumour cell
-14.9882,0.833297,0.4843265028176197,0.5,0.3,Viable tumour cell
12.0803,10.0227,0.5203014887291358,0.5,0.3,Viable tumour cell
15.0538,-1.08868,0.48583748915652303,0.5,0.3,Viable tumour cell
13.5783,2.59177,0.40502476536272086,0.5,0.3,Viable tumour cell
-15.7839,0.729481,0.5531495201185872,0.5,0.3,Viable tumour cell
-3.15233,-12.9062,0.3781188924094453,0.5,0.3,Viable tumour cell
-16.7736,6.1864,0.6980919023152966,0.5,0.3,Viable tumour cell
11.3831,-9.88905,0.5308216268104147,0.5,0.3,Viable tumour cell
-13.5578,-14.0181,0.8890211493418629,0.5,0.3,Viable tumour cell
8.25038,-15.8431,0.7897673932333698,0.5,0.3,Viable tumour cell
-5.83719,-16.1981,0.6743822885543631,0.5,0.3,Viable tumour cell
-7.78568,16.6787,0.7916608869903188,0.5,0.3,Viable tumour cell
-11.3042,12.3209,0.5753319724535265,0.5,0.3,Viable tumour cell
8.46888,-11.511,0.4591705324926628,0.5,0.3,Viable tumour cell
-2.14558,-15.144,0.5127796971368723,0.5,0.3,Viable tumour cell
-12.1327,-9.38862,0.4739493831468128,0.5,0.3,Viable tumour cell
17.6231,-3.11157,0.7782759961854967,0.5,0.3,Viable tumour cell
9.27437,12.0668,0.4743772090919648,0.5,0.3,Viable tumour cell
12.1443,8.56101,0.4623525277181289,0.5,0.3,Viable tumour cell
-5.42943,17.4582,0.7881310328952997,0.5,0.3,Viable tumour cell
15.8533,8.75999,0.7638739153676,0.5,0.3,Viable tumour cell
-13.3039,11.022,0.6145502020645986,0.5,0.3,Viable tumour cell
-14.396,-3.78709,0.473383413189192,0.5,0.3,Viable tumour cell
-6.93142,16.3973,0.7158579101628941,0.5,0.3,Viable tumour cell
7.18296,12.7678,0.431916234047292,0.5,0.3,Viable tumour cell
-14.3278,-11.1704,0.7127365268110829,0.5,0.3,Viable tumour cell
13.8122,3.45949,0.4283878906411889,0.5,0.3,Viable tumour cell
4.30496,13.8062,0.42205285406130644,0.5,0.3,Viable tumour cell
15.4255,-4.51059,0.5927875590974627,0.5,0.3,Viable tumour cell
0.0192316,15.7047,0.5439141051411546,0.5,0.3,Viable tumour cell
14.1465,-10.1234,0.7751803853172495,0.5,0.3,Viable tumour cell
-14.2691,9.47075,0.6018136292515696,0.5,0.3,Viable tumour cell
5.13207,-13.2092,0.4411884629760091,0.5,0.3,Viable tumour cell
11.0232,-13.0933,0.7285066976908691,0.5,0.3,Viable tumour cell
-7.14485,14.6421,0.556409953165105,0.5,0.3,Viable tumour cell
10.1068,12.0942,0.5170407987420006,0.5,0.3,Viable tumour cell
-14.4202,2.48196,0.45273320202306205,0.5,0.3,Viable tumour cell
-1.7172,16.5542,0.6374715303732414,0.5,0.3,Viable tumour cell
11.9134,-9.07546,0.5277113020927366,0.5,0.3,Viable tumour cell
-5.25869,-12.6474,0.39567940912604516,0.5,0.3,Viable tumour cell
15.6404,3.78319,0.5681890199261085,0.5,0.3,Viable tumour cell
-13.7128,-12.1891,0.7288217796215616,0.5,0.3,Viable tumour cell
-8.357,-13.8264,0.5616397426572945,0.5,0.3,Viable tumour cell
16.071,-5.21305,0.6786092660539832,0.5,0.3,Viable tumour cell
14.8768,3.53392,0.5003911661777192,0.5,0.3,Viable tumour cell
-13.5065,13.4219,0.8201370471021173,0.5,0.3,Viable tumour cell
-8.30196,-12.2104,0.4532541551601513,0.5,0.3,Viable tumour cell
7.87207,-13.9428,0.5866758183015958,0.5,0.3,Viable tumour cell
-9.94046,10.8693,0.4274504719404227,0.5,0.3,Viable tumour cell
-13.4656,-11.2943,0.6511744337471834,0.5,0.3,Viable tumour cell
7.70505,-11.9049,0.44980106227618616,0.5,0.3,Viable tumour cell
12.3187,-8.32153,0.5237463073647407,0.5,0.3,Viable tumour cell
-9.43953,-15.0223,0.7324089796695867,0.5,0.3,Viable tumour cell
-8.64143,-13.104,0.5196120871955321,0.5,0.3,Viable tumour cell
17.6833,-5.66734,0.8679625017908495,0.5,0.3,Viable tumour cell
16.2905,-7.14111,0.8251946813481534,0.5,0.3,Viable tumour cell
-12.4793,-7.84833,0.44152362413754864,0.5,0.3,Viable tumour cell
-5.0366,15.0659,0.5292542634880707,0.5,0.3,Viable tumour cell
-6.83626,-12.97,0.4471939495765025,0.5,0.3,Viable tumour cell
18.1089,-2.21303,0.8140035656949975,0.5,0.3,Viable tumour cell
10.9602,-7.43147,0.4061569583002844,0.5,0.3,Viable tumour cell
-2.18464,17.3069,0.7262980871050008,0.5,0.3,Viable tumour cell
-2.56977,14.8318,0.4823275039923323,0.5,0.3,Viable tumour cell
5.78818,-14.9023,0.5760281314592487,0.5,0.3,Viable tumour cell
14.4377,-4.25062,0.5073499922334577,0.5,0.3,Viable tumour cell
5.75202,17.0353,0.7203849478001594,0.5,0.3,Viable tumour cell
-12.1901,-7.16585,0.4089271050985598,0.5,0.3,Viable tumour cell
-14.9765,-2.84347,0.5004777872465771,0.5,0.3,Viable tumour cell
-4.19825,-16.297,0.6448360463236167,0.5,0.3,Viable tumour cell
6.57894,17.6808,0.8237916390040518,0.5,0.3,Viable tumour cell
15.2613,7.08917,0.6286636893878327,0.5,0.3,Viable tumour cell
-17.4831,3.46093,0.7571407376405828,0.5,0.3,Viable tumour cell
-3.43585,16.4245,0.6348028213429839,0.5,0.3,Viable tumour cell
5.06467,-16.6647,0.7186468407943118,0.5,0.3,Viable tumour cell
-2.58218,-15.708,0.5620884787757633,0.5,0.3,Viable tumour cell
-17.9045,-5.53375,0.8709080182309524,0.5,0.3,Viable tumour cell
18.0582,3.16936,0.8060902363624722,0.5,0.3,Viable tumour cell
14.8143,-10.43,0.8656151383231382,0.5,0.3,Viable tumour cell
-5.57834,16.413,0.6701651091311451,0.5,0.3,Viable tumour cell
-17.4028,1.09048,0.7359037665302568,0.5,0.3,Viable tumour cell
-14.2801,10.8452,0.6786080693956333,0.5,0.3,Viable tumour cell
-15.2299,-9.61424,0.7220659972640889,0.5,0.3,Viable tumour cell
-14.8353,6.64638,0.5388896362361552,0.5,0.3,Viable tumour cell
9.88393,12.9055,0.556533805661189,0.5,0.3,Viable tumour cell
-13.1653,-7.12864,0.46015458746999816,0.5,0.3,Viable tumour cell
2.93487,18.4608,0.8532662634735109,0.5,0.3,Viable tumour cell
17.7781,4.76215,0.8524094335023542,0.5,0.3,Viable tumour cell
13.5502,9.48654,0.5980088903301968,0.5,0.3,Viable tumour cell
5.69084,14.9082,0.5211556806044855,0.5,0.3,Viable tumour cell
10.6921,16.0383,0.8770205944212217,0.5,0.3,Viable tumour cell
15.1019,2.11707,0.4962123270787052,0.5,0.3,Viable tumour cell
0.746528,-14.2878,0.44478056359977525,0.5,0.3,Viable tumour cell
1.30744,-16.5459,0.6378155975509345,0.5,0.3,Viable tumour cell
-14.6275,10.1286,0.666719938579017,0.5,0.3,Viable tumour cell
9.70749,-14.5754,0.7523775083826661,0.5,0.3,Viable tumour cell
-1.02402,-14.5912,0.4651928263336886,0.5,0.3,Viable tumour cell
-16.6612,-2.83629,0.6602215144586052,0.5,0.3,Viable tumour cell
-4.12794,14.5197,0.47509421294032594,0.5,0.3,Viable tumour cell
-0.703693,16.4089,0.6173309587040505,0.5,0.3,Viable tumour cell
-15.9515,8.95942,0.7295279490636146,0.5,0.3,Viable tumour cell
-8.805,14.4555,0.6056876934608755,0.5,0.3,Viable tumour cell
1.00767,17.7014,0.7762359606892465,0.5,0.3,Viable tumour cell
-5.66606,14.4798,0.4998070033161198,0.5,0.3,Viable tumour cell
6.78501,13.3077,0.4489602381759029,0.5,0.3,Viable tumour cell
-17.1417,-1.33033,0.7007692129073835,0.5,0.3,Viable tumour cell
14.8177,6.20709,0.5649966152756004,0.5,0.3,Viable tumour cell
-6.07943,-16.9435,0.7630989394701287,0.5,0.3,Viable tumour cell
19.0665,-0.493567,0.883798609460046,0.5,0.3,Viable tumour cell
-15.3156,-12.4894,0.8796496193561169,0.5,0.3,Viable tumour cell
-14.1232,-7.31301,0.5301138467661918,0.5,0.3,Viable tumour cell
15.783,-1.20633,0.5453260442531362,0.5,0.3,Viable tumour cell
8.37489,15.5699,0.676168976912384,0.5,0.3,Viable tumour cell
-15.9986,-8.58223,0.7541970461552727,0.5,0.3,Viable tumour cell
-10.5515,-15.1008,0.8180007262862727,0.5,0.3,Viable tumour cell
-0.405349,14.6043,0.45520799295503034,0.5,0.3,Viable tumour cell
-7.24439,13.6999,0.4908796537255794,0.5,0.3,Viable tumour cell
14.1478,6.54504,0.5193353774299554,0.5,0.3,Viable tumour cell
17.1467,3.02786,0.6925837511196703,0.5,0.3,Viable tumour cell
-6.69942,-16.3177,0.7232575633429263,0.5,0.3,Viable tumour cell
1.7601,-17.2109,0.7129371482392481,0.5,0.3,Viable tumour cell
2.61047,15.874,0.5603617051335147,0.5,0.3,Viable tumour cell
14.039,9.03266,0.6079731645728503,0.5,0.3,Viable tumour cell
6.75509,-16.1997,0.7462313744893826,0.5,0.3,Viable tumour cell
9.62094,13.825,0.60743403406951,0.5,0.3,Viable tumour cell
12.0024,14.7641,0.8758432912143606,0.5,0.3,Viable tumour cell
-9.71323,11.5749,0.45422919778555265,0.5,0.3,Viable tumour cell
7.51635,15.106,0.5942187293864694,0.5,0.3,Viable tumour cell
2.99987,-14.9279,0.5071197228739449,0.5,0.3,Viable tumour cell
-10.9267,-11.6828,0.5251251956438916,0.5,0.3,Viable tumour cell
10.1486,15.2594,0.7588859317669601,0.5,0.3,Viable tumour cell
12.2743,12.9756,0.7476477708362181,0.5,0.3,Viable tumour cell
13.4,-8.43777,0.612131464111265,0.5,0.3,Viable tumour cell
-12.917,9.45286,0.5077030646129074,0.5,0.3,Viable tumour cell
12.0683,12.1927,0.6596209952998162,0.5,0.3,Viable tumour cell
3.03213,-18.2299,0.8480099715935865,0.5,0.3,Viable tumour cell
12.8992,11.6319,0.6892880768921562,0.5,0.3,Viable tumour cell
10.0053,-10.6606,0.489368952275648,0.5,0.3,Viable tumour cell
17.4761,1.35775,0.6997582374251001,0.5,0.3,Viable tumour cell
0.81569,-15.9797,0.5762706541913045,0.5,0.3,Viable tumour cell
9.47358,-13.7783,0.6681102669528375,0.5,0.3,Viable tumour cell
-5.5457,15.498,0.5800657434544744,0.5,0.3,Viable tumour cell
-13.0843,11.6969,0.6454409857294643,0.5,0.3,Viable tumour cell
-4.27645,-14.0564,0.46101995369927967,0.5,0.3,Viable tumour cell
-8.27799,13.3955,0.5043602199478684,0.5,0.3,Viable tumour cell
12.3335,-11.6002,0.7289336852583956,0.5,0.3,Viable tumour cell
-15.8884,-6.91416,0.6771780236542487,0.5,0.3,Viable tumour cell
9.74514,16.3204,0.8317131629138026,0.5,0.3,Viable tumour cell
-5.46578,-15.1504,0.5687537703463371,0.5,0.3,Viable tumour cell
-14.9528,6.03457,0.5320861489482078,0.5,0.3,Viable tumour cell
16.9054,2.12368,0.6512489626599178,0.5,0.3,Viable tumour cell
-0.56463,-15.0044,0.49224192198985994,0.5,0.3,Viable tumour cell
4.56669,18.2829,0.8343412811128309,0.5,0.3,Viable tumour cell
-16.3716,-2.13408,0.6214302813865318,0.5,0.3,Viable tumour cell
13.7085,-9.15279,0.6820466013832607,0.5,0.3,Viable tumour cell
17.4253,-1.42631,0.7095568066430405,0.5,0.3,Viable tumour cell
-11.234,15.586,0.8541268607225625,0.5,0.3,Viable tumour cell
-0.825281,-18.0077,0.8057490345575313,0.5,0.3,Viable tumour cell
-10.555,13.8804,0.6467596487844522,0.5,0.3,Viable tumour cell
-7.20697,15.5674,0.6422008201213881,0.5,0.3,Viable tumour cell
-0.741403,-16.1548,0.5904012594067759,0.5,0.3,Viable tumour cell
15.1134,-6.15673,0.6383671300112578,0.5,0.3,Viable tumour cell
11.3977,-11.4913,0.6428799990562379,0.5,0.3,Viable tumour cell
14.3879,-5.50615,0.545048949816692,0.5,0.3,Viable tumour cell
-11.7746,-11.8428,0.5798493691929377,0.5,0.3,Viable tumour cell
-0.7393065706978763,20.07471638213785,nan,0.5,0.3,Noise
-17.124584323207987,6.545614784809541,nan,0.5,0.3,Noise
-0.8925201301126643,-2.6876152241712123,nan,0.5,0.3,Noise
14.536083820309775,-3.729529492875367,nan,0.5,0.3,Noise
18.251046559788037,-7.866854988133066,nan,0.5,0.3,Noise
-5.099884049988281,2.5719304144343664,nan,0.5,0.3,Noise
19.813198815026176,0.8059229635543557,nan,0.5,0.3,Noise
1.3820839323362335,4.9785486396144885,nan,0.5,0.3,Noise
-6.401076178094796,10.985143762883794,nan,0.5,0.3,Noise
-8.672350705135267,-15.015924111758592,nan,0.5,0.3,Noise
16.787957667813608,2.336087081148204,nan,0.5,0.3,Noise
2.813148247689639,-5.1403922663213315,nan,0.5,0.3,Noise
-0.7484969000634694,-19.58057893784242,nan,0.5,0.3,Noise
-1.7670207816985057,0.7916471394406016,nan,0.5,0.3,Noise
-5.95763785799713,-8.337709170484283,nan,0.5,0.3,Noise
-1.0009632402009274,14.044956617581986,nan,0.5,0.3,Noise
-0.3000624724500644,-2.287002955742083,nan,0.5,0.3,Noise
-14.309122324784907,-6.081604520863879,nan,0.5,0.3,Noise
-2.2657651622584134,1.8598771939468137,nan,0.5,0.3,Noise
-3.8944888795761807,9.627754470631572,nan,0.5,0.3,Noise
18.76292729251863,-6.209237022217842,nan,0.5,0.3,Noise
-11.331355640249221,0.5736379657155896,nan,0.5,0.3,Noise
17.529255299237228,4.545604561939007,nan,0.5,0.3,Noise
11.032885712179132,9.018474185514917,nan,0.5,0.3,Noise
0.8817927919058569,-14.437135696671026,nan,0.5,0.3,Noise
11.937710152942163,0.20468736006550234,nan,0.5,0.3,Noise
-5.680406900936522,9.635932338652282,nan,0.5,0.3,Noise
16.07784111429547,-6.2579494823352055,nan,0.5,0.3,Noise
-1.628824462249917,-4.445313850903746,nan,0.5,0.3,Noise
4.822287568789155,-11.746176058442757,nan,0.5,0.3,Noise
11.187365527159352,-8.252954405524154,nan,0.5,0.3,Noise
-14.11725195425157,4.635789978108571,nan,0.5,0.3,Noise
-7.747845908028925,-16.47323175896855,nan,0.5,0.3,Noise
-2.6522261809583383,-5.540846325802276,nan,0.5,0.3,Noise
-4.620845864910542,-12.342611016300987,nan,0.5,0.3,Noise
9.580895404620506,2.691429048902205,nan,0.5,0.3,Noise
-2.2389691559854024,-17.919569807595582,nan,0.5,0.3,Noise
9.624162473595394,3.778779319688327,nan,0.5,0.3,Noise
5.067627592854832,-4.600055507158383,nan,0.5,0.3,Noise
10.651254052101608,-10.353109010181136,nan,0.5,0.3,Noise
-12.019532968569383,-6.126205396498526,nan,0.5,0.3,Noise
12.812590365810687,9.800754757196964,nan,0.5,0.3,Noise
-10.513882384115968,-1.6214957216466586,nan,0.5,0.3,Noise
6.718422064222652,-15.73840485005094,nan,0.5,0.3,Noise
-14.864517446711606,-12.494189499738509,nan,0.5,0.3,Noise
2.935589714562651,15.239628240219433,nan,0.5,0.3,Noise
7.198828800952394,-8.555799436704909,nan,0.5,0.3,Noise
7.788550102768615,11.750437795690225,nan,0.5,0.3,Noise
-15.602500239741396,10.15987385909167,nan,0.5,0.3,Noise
-13.42032038825176,-10.979412015830611,nan,0.5,0.3,Noise
-11.76632256481842,10.75170960994783,nan,0.5,0.3,Noise
-9.558849932109203,-17.14420303485487,nan,0.5,0.3,Noise
-6.546283557881693,14.63534135176373,nan,0.5,0.3,Noise
3.8093786942046286,2.9137092012668067,nan,0.5,0.3,Noise
-2.1387272220970575,12.777843894983596,nan,0.5,0.3,Noise
-0.9765322467513545,12.767138309995259,nan,0.5,0.3,Noise
-13.699812457156797,12.099704201104169,nan,0.5,0.3,Noise
-19.711549955335446,3.144877019639118,nan,0.5,0.3,Noise
