x,y,Oxygen,quiescenceThreshold,hypoxiaThreshold,PointType
-0.0504917,0.0798916,0.28932958058209585,0.5,0.3,Necrotic
2.39049,8.52453,0.2918274982983363,0.5,0.3,Viable tumour cell
0.194848,-0.0502049,0.2892623298892385,0.5,0.3,Necrotic
-4.97024,-8.73649,0.3124981751075038,0.5,0.3,Viable tumour cell
11.5635,8.05769,0.5057687243577049,0.5,0.3,Viable tumour cell
0.13692,-0.0138891,0.2892671250356138,0.5,0.3,Necrotic
-8.42383,5.63689,0.3126902092744315,0.5,0.3,Viable tumour cell
-1.89664,-5.30594,0.2939776240354069,0.5,0.3,Necrotic
-1.0935,-1.24054,0.29093544831641815,0.5,0.3,Necrotic
0.402731,-0.237112,0.2893022788885786,0.5,0.3,Necrotic
0.130415,-0.159271,0.28941348050578947,0.5,0.3,Necrotic
-3.04877,1.15464,0.29137743019748386,0.5,0.3,Necrotic
-3.97838,-0.713911,0.292364316715341,0.5,0.3,Necrotic
-4.0371,-0.211658,0.29239325753305456,0.5,0.3,Necrotic
0.701041,-1.5749,0.2903038380858758,0.5,0.3,Necrotic
3.47041,-1.95442,0.28984945420414343,0.5,0.3,Necrotic
-1.32374,-0.69559,0.29078607442747856,0.5,0.3,Necrotic
0.184441,-0.843062,0.2899530110165141,0.5,0.3,Necrotic
2.64474,5.70126,0.2835390130481176,0.5,0.3,Necrotic
-3.31789,4.20507,0.2905792775901277,0.5,0.3,Necrotic
0.717332,-1.29943,0.2900381811488018,0.5,0.3,Necrotic
-10.889,-6.27604,0.4101826844790199,0.5,0.3,Viable tumour cell
-4.2568,-3.77335,0.2927561843752428,0.5,0.3,Necrotic
-9.23477,0.776856,0.3030872491300747,0.5,0.3,Viable tumour cell
-0.053335,-0.0812898,0.2894485476497915,0.5,0.3,Necrotic
3.34622,3.24123,0.2832690379450072,0.5,0.3,Necrotic
-10.0143,5.93665,0.3452887213906209,0.5,0.3,Viable tumour cell
0.278453,-3.30026,0.29192184954830225,0.5,0.3,Necrotic
1.59358,-13.8934,0.4526519239090594,0.5,0.3,Viable tumour cell
-12.121,9.39503,0.5449332878905633,0.5,0.3,Viable tumour cell
-4.81267,8.37935,0.3049422708296228,0.5,0.3,Viable tumour cell
12.2479,5.90103,0.45754744970733663,0.5,0.3,Viable tumour cell
0.0504525,-0.250717,0.28953248804926235,0.5,0.3,Necrotic
0.505502,-3.69472,0.29217596838533166,0.5,0.3,Necrotic
-11.2871,9.4994,0.5036037612498625,0.5,0.3,Viable tumour cell
0.280885,-0.180954,0.28933279766854847,0.5,0.3,Necrotic
-6.2778,10.5943,0.3768863274815778,0.5,0.3,Viable tumour cell
-6.26071,9.83754,0.3514491108742924,0.5,0.3,Viable tumour cell
2.00195,15.9729,0.6522388391807037,0.5,0.3,Viable tumour cell
2.60064,0.0158963,0.2877523924713112,0.5,0.3,Necrotic
-0.661648,0.180837,0.28972093930557397,0.5,0.3,Necrotic
2.08623,-6.35728,0.29405981400712483,0.5,0.3,Necrotic
0.0169076,-0.0147117,0.2893538874318909,0.5,0.3,Necrotic
0.901312,-0.159821,0.28886721056475495,0.5,0.3,Necrotic
-0.651597,-0.20631,0.2899684146512018,0.5,0.3,Necrotic
-11.7471,5.10684,0.39642932471864073,0.5,0.3,Viable tumour cell
8.55404,8.95937,0.40221220849256145,0.5,0.3,Viable tumour cell
1.81696,1.47021,0.28586210603064144,0.5,0.3,Necrotic
-0.121688,-0.815365,0.29009714156008637,0.5,0.3,Necrotic
1.1621,0.27442,0.28823132909788235,0.5,0.3,Necrotic
-13.2785,-2.4802,0.45182661039060434,0.5,0.3,Viable tumour cell
-0.13958,-0.121204,0.28953331931333853,0.5,0.3,Necrotic
-0.0428652,0.0831127,0.2893197301772321,0.5,0.3,Necrotic
-2.29887,1.80782,0.29028583743115155,0.5,0.3,Necrotic
0.233185,-0.0277635,0.28921221147260184,0.5,0.3,Necrotic
-0.828159,0.0576118,0.28992699820481505,0.5,0.3,Necrotic
-16.2319,-2.68266,0.7017833749985272,0.5,0.3,Viable tumour cell
-0.0508693,-0.00959129,0.289395097102349,0.5,0.3,Necrotic
-0.726335,-0.511593,0.2902219055158713,0.5,0.3,Necrotic
-10.8494,1.02456,0.3309027782827673,0.5,0.3,Viable tumour cell
0.244726,-0.185865,0.28936364855455027,0.5,0.3,Necrotic
0.04633,-0.115309,0.28942211344656543,0.5,0.3,Necrotic
3.71906,-3.46116,0.2915186491773142,0.5,0.3,Necrotic
1.06122,-0.768431,0.2893728651545269,0.5,0.3,Necrotic
0.0763691,-0.6084,0.2898159697720313,0.5,0.3,Necrotic
3.35173,-4.49566,0.2925377828179293,0.5,0.3,Necrotic
-7.0493,9.58196,0.3580038335803776,0.5,0.3,Viable tumour cell
-1.63082,2.59777,0.28906349821305843,0.5,0.3,Necrotic
0.257354,-0.433841,0.2895735659296556,0.5,0.3,Necrotic
0.0268195,-0.201737,0.28950446242738104,0.5,0.3,Necrotic
-0.323991,0.0918121,0.2895300333869092,0.5,0.3,Necrotic
-2.07075,-18.5543,0.9017164305842164,0.5,0.3,Viable tumour cell
-0.122236,-0.895493,0.29016407350344064,0.5,0.3,Necrotic
0.187406,0.766302,0.2885144679443833,0.5,0.3,Necrotic
-0.0818751,-0.0154676,0.2894219135590618,0.5,0.3,Necrotic
5.36926,-15.9624,0.6957165183279708,0.5,0.3,Viable tumour cell
-0.425166,0.917104,0.28896015990822677,0.5,0.3,Necrotic
-1.77475,-0.051209,0.29071355707194435,0.5,0.3,Necrotic
10.9974,-8.30714,0.4417528066141373,0.5,0.3,Viable tumour cell
16.2429,6.20328,0.8205557323732552,0.5,0.3,Viable tumour cell
0.447739,-0.389047,0.2894235244085017,0.5,0.3,Necrotic
-1.62064,6.95024,0.2830550550874516,0.5,0.3,Necrotic
-0.0558793,0.0284751,0.2893735241068287,0.5,0.3,Necrotic
-13.1499,11.5585,0.7655600156762392,0.5,0.3,Viable tumour cell
15.5979,0.180729,0.5676429681563055,0.5,0.3,Viable tumour cell
0.0347526,0.423703,0.2889545825660585,0.5,0.3,Necrotic
0.244539,-0.0884103,0.28926534207978155,0.5,0.3,Necrotic
0.0906867,-0.128095,0.28940890818051884,0.5,0.3,Necrotic
-0.537971,0.123641,0.2896674793066459,0.5,0.3,Necrotic
1.30549,-0.0832636,0.2885273480594019,0.5,0.3,Necrotic
-3.05413,-16.2369,0.6517007139729274,0.5,0.3,Viable tumour cell
-2.75736,-15.2846,0.5615775720435199,0.5,0.3,Viable tumour cell
0.615319,0.316532,0.2885622356941855,0.5,0.3,Necrotic
-9.74261,-4.80463,0.33876824080113627,0.5,0.3,Viable tumour cell
4.84528,6.53175,0.284727399159746,0.5,0.3,Viable tumour cell
-7.57383,3.17397,0.2988733304397324,0.5,0.3,Necrotic
-0.0588292,0.0738265,0.2893425299823118,0.5,0.3,Necrotic
0.0549212,0.179263,0.2891447811722115,0.5,0.3,Necrotic
-0.211845,-0.646965,0.29000753224921005,0.5,0.3,Necrotic
-4.53173,10.0544,0.3338421788440432,0.5,0.3,Viable tumour cell
-1.82055,-15.0095,0.5305553617537231,0.5,0.3,Viable tumour cell
0.340472,-0.200778,0.2893101567124801,0.5,0.3,Necrotic
3.9853,-3.33048,0.29134072699305114,0.5,0.3,Necrotic
11.1663,4.66517,0.3729614269111615,0.5,0.3,Viable tumour cell
0.911536,-0.114301,0.2888139096504117,0.5,0.3,Necrotic
1.60011,-3.81147,0.29207062944503326,0.5,0.3,Necrotic
4.29244,4.96742,0.28184966449528215,0.5,0.3,Necrotic
-0.160957,-0.124773,0.2895514946685366,0.5,0.3,Necrotic
9.57874,-10.3278,0.466465716569628,0.5,0.3,Viable tumour cell
-0.102308,0.106679,0.28935478261654135,0.5,0.3,Necrotic
-10.2842,-9.67033,0.5162323671410566,0.5,0.3,Viable tumour cell
0.142351,-0.0353725,0.2892849369462545,0.5,0.3,Necrotic
6.22638,5.38437,0.28448659447602653,0.5,0.3,Viable tumour cell
0.197813,-1.05967,0.29012386888007374,0.5,0.3,Necrotic
1.67557,1.76105,0.2855111971944546,0.5,0.3,Necrotic
-0.557608,-1.70341,0.2910161089909532,0.5,0.3,Necrotic
-2.96584,17.2489,0.8155237093634354,0.5,0.3,Viable tumour cell
6.51509,2.29018,0.2863875622386905,0.5,0.3,Necrotic
0.0943472,3.76944,0.28629926636398423,0.5,0.3,Necrotic
-3.64196,-3.98161,0.2929010429345952,0.5,0.3,Necrotic
4.20749,1.95366,0.2850091320729794,0.5,0.3,Necrotic
-10.1221,0.525025,0.314749311159763,0.5,0.3,Viable tumour cell
8.81663,-15.4435,0.8186969425462445,0.5,0.3,Viable tumour cell
-0.00858898,-0.380434,0.2896722617221644,0.5,0.3,Necrotic
0.463106,-0.233469,0.28925536917247263,0.5,0.3,Necrotic
-0.518814,0.263306,0.28955974041814886,0.5,0.3,Necrotic
5.65614,11.4351,0.4135343196685931,0.5,0.3,Viable tumour cell
-0.458543,-13.7038,0.4373970711099604,0.5,0.3,Viable tumour cell
8.3915,-8.75572,0.3649293569069269,0.5,0.3,Viable tumour cell
-2.45015,-1.21363,0.29165983461064243,0.5,0.3,Necrotic
3.71605,-1.46553,0.28924337300105807,0.5,0.3,Necrotic
0.034344,2.77622,0.28706560443683216,0.5,0.3,Necrotic
0.173956,-0.0275872,0.28925444268758604,0.5,0.3,Necrotic
2.48685,-2.80294,0.29096311516275797,0.5,0.3,Necrotic
-0.803565,0.446399,0.28964840103899275,0.5,0.3,Necrotic
-0.299997,2.60265,0.2875593073745483,0.5,0.3,Necrotic
6.59971,-12.4707,0.4660654802733181,0.5,0.3,Viable tumour cell
4.57417,-3.48268,0.2914859755087748,0.5,0.3,Necrotic
1.24698,-0.827952,0.2893296115847685,0.5,0.3,Necrotic
-3.99016,0.476414,0.2923637175721218,0.5,0.3,Necrotic
-11.7625,0.63571,0.3610221240701635,0.5,0.3,Viable tumour cell
-15.3917,-5.22055,0.679089863240375,0.5,0.3,Viable tumour cell
2.13377,-1.20897,0.28937158582288075,0.5,0.3,Necrotic
-7.45317,4.88955,0.30101459635435845,0.5,0.3,Viable tumour cell
3.48751,-2.6376,0.29059311269373383,0.5,0.3,Necrotic
-10.1666,5.04109,0.3391217152946183,0.5,0.3,Viable tumour cell
-6.11979,-1.86488,0.2927910169102605,0.5,0.3,Necrotic
9.00874,-12.8553,0.5877435810807649,0.5,0.3,Viable tumour cell
2.91752,-16.0107,0.6283999053297955,0.5,0.3,Viable tumour cell
-0.81609,0.396211,0.2896913022678299,0.5,0.3,Necrotic
5.01061,3.25513,0.28376240528703867,0.5,0.3,Necrotic
-0.614682,0.736749,0.2892909298200516,0.5,0.3,Necrotic
0.346855,1.07652,0.2880969730748576,0.5,0.3,Necrotic
3.04422,9.2214,0.30249298078876624,0.5,0.3,Viable tumour cell
-0.482865,-0.974293,0.29043124620444705,0.5,0.3,Necrotic
-0.0347656,-0.0905455,0.28944586023456764,0.5,0.3,Necrotic
0.250174,-0.199214,0.2893732312885369,0.5,0.3,Necrotic
1.00749,-0.297292,0.28893070362089524,0.5,0.3,Necrotic
-4.67714,-7.76598,0.29961129211579085,0.5,0.3,Viable tumour cell
0.275133,-0.0731131,0.2892279840940162,0.5,0.3,Necrotic
-10.7877,6.55211,0.38473914217279903,0.5,0.3,Viable tumour cell
0.235095,-0.129349,0.2893134573297616,0.5,0.3,Necrotic
0.301937,-0.0072914,0.2891423042749829,0.5,0.3,Necrotic
0.136349,-0.0989115,0.2893534165012864,0.5,0.3,Necrotic
1.9382,-2.6111,0.29087271250140984,0.5,0.3,Necrotic
-0.314618,-5.43657,0.2937071264725075,0.5,0.3,Necrotic
0.0824797,0.107875,0.28917954403186447,0.5,0.3,Necrotic
-8.77213,-13.6951,0.6636759935278811,0.5,0.3,Viable tumour cell
10.1359,-8.34957,0.40709083119176365,0.5,0.3,Viable tumour cell
0.121366,-0.126665,0.28939123190901483,0.5,0.3,Necrotic
-0.203341,-1.02689,0.29031775137365495,0.5,0.3,Necrotic
-13.3943,-6.63244,0.5673038245650645,0.5,0.3,Viable tumour cell
3.13788,-0.559923,0.2882993955932082,0.5,0.3,Necrotic
-0.0592973,0.463031,0.28900932160861786,0.5,0.3,Necrotic
-11.2626,-9.87657,0.5984222439446162,0.5,0.3,Viable tumour cell
-0.0214711,-0.148645,0.28948673562226335,0.5,0.3,Necrotic
13.4985,10.4396,0.8258964983173299,0.5,0.3,Viable tumour cell
-5.01012,13.5202,0.5057561596595728,0.5,0.3,Viable tumour cell
-9.22597,-14.4068,0.753406633051722,0.5,0.3,Viable tumour cell
0.605456,-0.391121,0.2893126901727212,0.5,0.3,Necrotic
-10.0124,4.17115,0.32586330436728206,0.5,0.3,Viable tumour cell
0.191308,0.143069,0.28905671827575397,0.5,0.3,Necrotic
6.13476,4.44581,0.2827377461395448,0.5,0.3,Viable tumour cell
-8.33245,4.83924,0.30731677641822863,0.5,0.3,Viable tumour cell
1.04066,4.32395,0.28514707402810285,0.5,0.3,Necrotic
-2.0588,-0.909565,0.2913022429391083,0.5,0.3,Necrotic
0.129968,0.413887,0.2888716680760582,0.5,0.3,Necrotic
-6.08436,-0.277629,0.29379228771568144,0.5,0.3,Necrotic
-15.772,0.88752,0.6203522755546836,0.5,0.3,Viable tumour cell
-1.55472,-10.4492,0.31899157489131014,0.5,0.3,Viable tumour cell
-0.238675,-14.5269,0.48798147203311903,0.5,0.3,Viable tumour cell
-2.06799,0.601002,0.2906330096168602,0.5,0.3,Necrotic
-0.438502,0.254881,0.2895057959187659,0.5,0.3,Necrotic
-6.8781,-7.53769,0.3204774332883077,0.5,0.3,Viable tumour cell
0.357937,-0.0664404,0.28916195413740053,0.5,0.3,Necrotic
0.272021,-2.51884,0.2913116636682862,0.5,0.3,Necrotic
-0.734445,-0.580548,0.29027265514421047,0.5,0.3,Necrotic
0.898838,-2.60527,0.29116913552614454,0.5,0.3,Necrotic
-0.249794,-0.082459,0.28958995704834056,0.5,0.3,Necrotic
0.108403,-0.00237721,0.28927591512148987,0.5,0.3,Necrotic
-0.106108,-0.0634573,0.2894710243418774,0.5,0.3,Necrotic
-0.122504,0.00932728,0.28943577754798777,0.5,0.3,Necrotic
0.144274,-0.0868949,0.28933560385858104,0.5,0.3,Necrotic
-6.42631,-8.16561,0.32384352084825496,0.5,0.3,Viable tumour cell
-0.743811,-0.0156471,0.289913146906417,0.5,0.3,Necrotic
0.251485,0.728433,0.288485466565129,0.5,0.3,Necrotic
0.187821,0.0367968,0.2891761572072018,0.5,0.3,Necrotic
0.106569,-0.00338856,0.2892782501029377,0.5,0.3,Necrotic
0.121426,0.0369987,0.2892234752412195,0.5,0.3,Necrotic
0.105767,1.38446,0.28806980853789943,0.5,0.3,Necrotic
0.0617113,-0.0750258,0.2893803529031547,0.5,0.3,Necrotic
-0.116851,-0.796119,0.29007843404880135,0.5,0.3,Necrotic
2.47989,7.23305,0.28446975860274953,0.5,0.3,Necrotic
4.74396,13.8749,0.5326212243899924,0.5,0.3,Viable tumour cell
16.5499,-4.18266,0.7040490823113478,0.5,0.3,Viable tumour cell
-0.431083,-0.340727,0.28989200445875296,0.5,0.3,Necrotic
2.40962,1.14476,0.2861141954932629,0.5,0.3,Necrotic
0.979562,1.23658,0.2872975055271919,0.5,0.3,Necrotic
-3.69716,-2.64096,0.292497352238585,0.5,0.3,Necrotic
-2.35763,-8.22339,0.2985814945593007,0.5,0.3,Necrotic
0.580207,-0.884567,0.2897748394103756,0.5,0.3,Necrotic
-0.739837,-4.02777,0.2927281373643459,0.5,0.3,Necrotic
0.115608,0.6346,0.28869623667450284,0.5,0.3,Necrotic
0.353749,-2.14397,0.290969629423695,0.5,0.3,Necrotic
2.26604,-5.51624,0.29342170810890955,0.5,0.3,Necrotic
11.8304,-6.08954,0.4066485043738474,0.5,0.3,Viable tumour cell
0.353899,0.11376,0.28897255137974787,0.5,0.3,Necrotic
12.024,10.5223,0.6909822894849273,0.5,0.3,Viable tumour cell
10.0924,-7.48539,0.377994475825749,0.5,0.3,Viable tumour cell
-0.205445,0.198384,0.28937071409709153,0.5,0.3,Necrotic
1.75568,5.47029,0.28432214626267494,0.5,0.3,Necrotic
-0.842799,-6.40672,0.29457617876749753,0.5,0.3,Necrotic
0.520377,1.34374,0.2877062864394526,0.5,0.3,Necrotic
-3.6356,-0.00218846,0.29209781659805484,0.5,0.3,Necrotic
2.85829,-1.94566,0.2899717603763724,0.5,0.3,Necrotic
8.61723,-7.12846,0.3311615758158689,0.5,0.3,Viable tumour cell
-3.94794,3.03848,0.292177331177866,0.5,0.3,Necrotic
12.5149,9.13092,0.6364358914345641,0.5,0.3,Viable tumour cell
0.112511,-0.480639,0.2896903155271319,0.5,0.3,Necrotic
0.0157244,-0.132566,0.2894529095525169,0.5,0.3,Necrotic
-0.358886,-2.30894,0.29133370912267914,0.5,0.3,Necrotic
-10.2494,-0.483177,0.31831408605760786,0.5,0.3,Viable tumour cell
-1.95239,2.08569,0.28976237939236366,0.5,0.3,Necrotic
0.470013,-6.77577,0.2945616530919243,0.5,0.3,Necrotic
12.5869,-7.59552,0.4968723429208888,0.5,0.3,Viable tumour cell
-0.177416,-0.779313,0.2900983266048088,0.5,0.3,Necrotic
-1.50351,-7.87264,0.29619211706776916,0.5,0.3,Necrotic
2.18709,-0.69634,0.2887722898764201,0.5,0.3,Necrotic
0.346451,-0.0631162,0.28916682054417864,0.5,0.3,Necrotic
0.0563706,-0.407469,0.2896596451769313,0.5,0.3,Necrotic
-0.0614329,0.0862137,0.2893343312854045,0.5,0.3,Necrotic
-15.5616,7.92145,0.7556522316360343,0.5,0.3,Viable tumour cell
-7.07724,10.3624,0.3825936516142706,0.5,0.3,Viable tumour cell
0.890955,-3.70738,0.2921042774935979,0.5,0.3,Necrotic
-0.400516,-2.55689,0.29153567245803136,0.5,0.3,Necrotic
-0.602212,-0.475718,0.29010654158496063,0.5,0.3,Necrotic
1.12763,-0.287911,0.28884577130607864,0.5,0.3,Necrotic
15.3154,-6.11324,0.6378231826763727,0.5,0.3,Viable tumour cell
4.57321,-13.5143,0.47194877387033196,0.5,0.3,Viable tumour cell
-0.118928,0.0648132,0.2893959689941546,0.5,0.3,Necrotic
0.134543,-0.077687,0.289333269927654,0.5,0.3,Necrotic
-2.77594,3.95814,0.28978272794970533,0.5,0.3,Necrotic
-17.2189,1.18011,0.7783037533012716,0.5,0.3,Viable tumour cell
8.78411,-2.59156,0.29376845334999313,0.5,0.3,Viable tumour cell
1.56486,0.0552117,0.2882195847681734,0.5,0.3,Necrotic
-0.145528,0.25798,0.2892652553551329,0.5,0.3,Necrotic
0.0608035,0.310968,0.28902623576984665,0.5,0.3,Necrotic
5.21847,-7.29881,0.297414071383382,0.5,0.3,Viable tumour cell
5.94928,3.57687,0.2833943814306931,0.5,0.3,Necrotic
5.72379,-1.62833,0.28887899288262564,0.5,0.3,Necrotic
-0.10597,-0.0781469,0.28948045143866674,0.5,0.3,Necrotic
-0.0713876,-0.889304,0.29013049516906503,0.5,0.3,Necrotic
0.210663,-0.025183,0.2892257311395413,0.5,0.3,Necrotic
0.171916,-0.0957135,0.28932471922174935,0.5,0.3,Necrotic
0.0673456,-0.247351,0.2895206109198231,0.5,0.3,Necrotic
7.42026,2.72708,0.28734849420934055,0.5,0.3,Necrotic
6.93626,3.97194,0.2858398788842519,0.5,0.3,Necrotic
0.261484,-0.231833,0.289398082442339,0.5,0.3,Necrotic
-6.777,2.6715,0.2967690751767532,0.5,0.3,Necrotic
-1.31566,4.41714,0.28716123739435284,0.5,0.3,Necrotic
-8.4214,2.20178,0.2992093673638717,0.5,0.3,Viable tumour cell
0.181019,-0.769132,0.28989337774211993,0.5,0.3,Necrotic
0.141184,0.203341,0.28904139814490387,0.5,0.3,Necrotic
10.1984,-5.72721,0.3428129371579388,0.5,0.3,Viable tumour cell
0.262991,-0.703305,0.2897945921142973,0.5,0.3,Necrotic
0.137576,-0.0039507,0.28925661584861107,0.5,0.3,Necrotic
0.168132,-0.380882,0.289577478735163,0.5,0.3,Necrotic
0.341934,-0.182529,0.28929067555537064,0.5,0.3,Necrotic
11.6989,9.78591,0.6126709849498121,0.5,0.3,Viable tumour cell
-13.7215,-0.527226,0.461787842793355,0.5,0.3,Viable tumour cell
14.2739,1.4162,0.47862259763456033,0.5,0.3,Viable tumour cell
0.696934,-0.449384,0.2893060427988225,0.5,0.3,Necrotic
8.35683,-0.353145,0.28726913850850144,0.5,0.3,Viable tumour cell
9.32231,-9.52804,0.42201210056266764,0.5,0.3,Viable tumour cell
0.0518106,-0.12128,0.2894241335609865,0.5,0.3,Necrotic
-2.86533,3.19163,0.2903571001160304,0.5,0.3,Necrotic
0.778946,-0.601719,0.2894011951028575,0.5,0.3,Necrotic
0.38282,-0.0508979,0.2891284381391962,0.5,0.3,Necrotic
0.422599,0.303424,0.288714652082784,0.5,0.3,Necrotic
8.5725,-6.17632,0.3176006289511003,0.5,0.3,Viable tumour cell
-11.4044,-0.701091,0.35013926426804415,0.5,0.3,Viable tumour cell
-0.807363,-0.389471,0.29020280168835194,0.5,0.3,Necrotic
5.69747,-0.678726,0.2880271865791587,0.5,0.3,Necrotic
3.46376,1.24784,0.2858235681024537,0.5,0.3,Necrotic
0.641858,-0.402442,0.28929806103519184,0.5,0.3,Necrotic
-7.33732,-4.93141,0.2978503763917836,0.5,0.3,Viable tumour cell
-6.12815,11.9616,0.432503191512834,0.5,0.3,Viable tumour cell
0.275778,0.0203964,0.28913122550824233,0.5,0.3,Necrotic
-2.94231,3.53574,0.29029374177184275,0.5,0.3,Necrotic
12.7388,2.68411,0.4086811392764496,0.5,0.3,Viable tumour cell
-0.937191,0.0921872,0.2899847395640889,0.5,0.3,Necrotic
-4.05951,-8.55625,0.30432504438024266,0.5,0.3,Viable tumour cell
4.1223,2.88967,0.28398332695232026,0.5,0.3,Necrotic
0.159978,-0.514463,0.28969293125549234,0.5,0.3,Necrotic
0.0456839,0.533514,0.28884996242691874,0.5,0.3,Necrotic
-4.24622,-5.33939,0.29360894824674455,0.5,0.3,Necrotic
-0.206979,0.242063,0.28933602038256656,0.5,0.3,Necrotic
-3.13351,8.18863,0.2928451163246608,0.5,0.3,Necrotic
3.63158,-3.13054,0.29115027427254514,0.5,0.3,Necrotic
-14.4274,-2.73635,0.5344879336177822,0.5,0.3,Viable tumour cell
-0.766306,16.201,0.6584626627747401,0.5,0.3,Viable tumour cell
1.25081,-1.77127,0.2902873975164464,0.5,0.3,Necrotic
0.215072,-0.284232,0.2894718899511834,0.5,0.3,Necrotic
-0.936067,-2.19022,0.29149093262371545,0.5,0.3,Necrotic
0.171347,0.106996,0.28911070597302496,0.5,0.3,Necrotic
1.81831,3.18563,0.2847374097366133,0.5,0.3,Necrotic
0.225534,0.0231858,0.2891641316756756,0.5,0.3,Necrotic
14.5315,-8.06321,0.6482173195346534,0.5,0.3,Viable tumour cell
3.03144,-9.57263,0.3078891807140301,0.5,0.3,Viable tumour cell
-0.0150903,-0.0562853,0.289406371611262,0.5,0.3,Necrotic
-0.177341,-0.0645719,0.2895245982444239,0.5,0.3,Necrotic
0.0828505,-0.090461,0.2893818270167818,0.5,0.3,Necrotic
-11.8244,3.35714,0.37805220090630665,0.5,0.3,Viable tumour cell
0.567151,-15.2027,0.5378283727061088,0.5,0.3,Viable tumour cell
-1.47055,-15.5443,0.5699624097667797,0.5,0.3,Viable tumour cell
11.2623,0.554133,0.33259395198678954,0.5,0.3,Viable tumour cell
0.126831,0.0174764,0.28924108798065484,0.5,0.3,Necrotic
6.15179,-10.6977,0.37195628368913214,0.5,0.3,Viable tumour cell
0.0665107,-0.527262,0.2897538021657073,0.5,0.3,Necrotic
-1.53079,2.08411,0.2892872524714514,0.5,0.3,Necrotic
0.230737,-1.51741,0.29047097481913675,0.5,0.3,Necrotic
2.17159,13.0343,0.43174536181129786,0.5,0.3,Viable tumour cell
-4.21355,-15.8043,0.6364201786139888,0.5,0.3,Viable tumour cell
-5.11712,3.17194,0.2942305802422077,0.5,0.3,Necrotic
-0.857988,0.799648,0.28945222843929574,0.5,0.3,Necrotic
16.6438,3.45149,0.7187558041367728,0.5,0.3,Viable tumour cell
-0.105009,15.4812,0.5878636461902375,0.5,0.3,Viable tumour cell
0.118238,0.919696,0.28844931716300765,0.5,0.3,Necrotic
-0.158697,-0.0900633,0.2895273017875448,0.5,0.3,Necrotic
0.00612152,0.604109,0.28882739289350073,0.5,0.3,Necrotic
11.1694,3.87131,0.35888332832449604,0.5,0.3,Viable tumour cell
-0.514645,0.0865616,0.28967500330142865,0.5,0.3,Necrotic
0.889738,-0.487547,0.2892065388681497,0.5,0.3,Necrotic
2.39738,-2.30501,0.2904780542036618,0.5,0.3,Necrotic
-13.2606,0.111625,0.4325673964625316,0.5,0.3,Viable tumour cell
-3.07537,-2.42103,0.2923209124634373,0.5,0.3,Necrotic
0.00472426,-0.07429,0.28941036554470695,0.5,0.3,Necrotic
0.522713,0.493583,0.28843371497813675,0.5,0.3,Necrotic
-11.0714,10.2496,0.5246428092079582,0.5,0.3,Viable tumour cell
-0.0401082,0.11085,0.2892933901021874,0.5,0.3,Necrotic
-0.395314,-0.464202,0.2899581560474458,0.5,0.3,Necrotic
-8.54168,-0.548845,0.2973450908857185,0.5,0.3,Viable tumour cell
-0.517802,0.421034,0.2894533675673577,0.5,0.3,Necrotic
-10.9918,12.7464,0.6891552946088753,0.5,0.3,Viable tumour cell
0.351349,0.254313,0.28881971075150514,0.5,0.3,Necrotic
-0.622284,0.489048,0.289485341511848,0.5,0.3,Necrotic
-0.137897,-0.0609744,0.2894929991713565,0.5,0.3,Necrotic
0.746273,6.8028,0.284523368357386,0.5,0.3,Necrotic
6.71931,16.3571,0.8324266946194149,0.5,0.3,Viable tumour cell
-3.36183,14.0708,0.509756922187544,0.5,0.3,Viable tumour cell
0.559266,-0.800067,0.28971583191576666,0.5,0.3,Necrotic
12.5893,6.75915,0.5138315051477937,0.5,0.3,Viable tumour cell
-2.72543,0.90165,0.29113644606640465,0.5,0.3,Necrotic
-4.35525,-9.5208,0.31959894648227255,0.5,0.3,Viable tumour cell
8.40944,-5.50516,0.3066785532943729,0.5,0.3,Viable tumour cell
12.3501,-11.251,0.7165416884809519,0.5,0.3,Viable tumour cell
6.43239,6.29575,0.2941387803446696,0.5,0.3,Viable tumour cell
0.204071,-0.67312,0.28980115715719246,0.5,0.3,Necrotic
-0.23234,0.989586,0.28871878549300456,0.5,0.3,Necrotic
3.49868,-0.816497,0.2885443394447701,0.5,0.3,Necrotic
7.7907,15.0267,0.7489670949197368,0.5,0.3,Viable tumour cell
-9.94916,-5.61022,0.35746799677375296,0.5,0.3,Viable tumour cell
-16.3737,5.15767,0.7514397265081183,0.5,0.3,Viable tumour cell
0.119048,-0.884852,0.29002289985735075,0.5,0.3,Necrotic
-1.52543,-13.7499,0.4437066877232321,0.5,0.3,Viable tumour cell
-12.9277,-9.24164,0.6814552709100744,0.5,0.3,Viable tumour cell
0.122015,0.0166503,0.2892454452045087,0.5,0.3,Necrotic
-8.39168,1.28916,0.2980325912880003,0.5,0.3,Viable tumour cell
1.48399,-0.397452,0.28873260289560565,0.5,0.3,Necrotic
-0.544183,1.31215,0.288737780984844,0.5,0.3,Necrotic
-3.35438,-2.73751,0.29249385476008205,0.5,0.3,Necrotic
0.221508,-0.270208,0.28945676995943415,0.5,0.3,Necrotic
6.96981,14.5048,0.6577338800607485,0.5,0.3,Viable tumour cell
1.20572,-3.01673,0.29144942141663355,0.5,0.3,Necrotic
0.210785,-0.0752482,0.28927621568880124,0.5,0.3,Necrotic
0.326672,0.519859,0.28859214792948773,0.5,0.3,Necrotic
4.02737,1.27943,0.28584439962075897,0.5,0.3,Necrotic
-0.37989,1.47863,0.28844535217061956,0.5,0.3,Necrotic
-0.54268,-0.37037,0.28999403176796523,0.5,0.3,Necrotic
0.580895,-2.81819,0.2914597833601722,0.5,0.3,Necrotic
0.179012,-0.365365,0.28955872986499137,0.5,0.3,Necrotic
0.483665,-0.62915,0.2896143445138933,0.5,0.3,Necrotic
-0.716495,2.22139,0.288285608156218,0.5,0.3,Necrotic
3.78492,-13.8877,0.47949229295148854,0.5,0.3,Viable tumour cell
4.08763,-0.96718,0.28859673281662646,0.5,0.3,Necrotic
-15.8689,3.32548,0.655975105459657,0.5,0.3,Viable tumour cell
-4.97046,-2.59247,0.2925266867776732,0.5,0.3,Necrotic
0.135666,-0.0980866,0.2893530723106361,0.5,0.3,Necrotic
2.57566,-1.18859,0.28920432182960953,0.5,0.3,Necrotic
-0.108606,0.140113,0.28933197578339787,0.5,0.3,Necrotic
0.607894,-0.0919025,0.2890086989706401,0.5,0.3,Necrotic
0.27204,-0.159329,0.2893172869427284,0.5,0.3,Necrotic
-3.85529,10.7967,0.3493334492227797,0.5,0.3,Viable tumour cell
1.49002,7.01434,0.2845806884214077,0.5,0.3,Necrotic
0.24985,-0.378147,0.28953128932718875,0.5,0.3,Necrotic
3.82391,0.621757,0.28667941134601155,0.5,0.3,Necrotic
1.0917,10.7707,0.32861732789665027,0.5,0.3,Viable tumour cell
-7.05917,14.4557,0.6435553255118598,0.5,0.3,Viable tumour cell
0.350506,-0.682805,0.2897305165319269,0.5,0.3,Necrotic
-0.597177,1.41372,0.28870362299353536,0.5,0.3,Necrotic
0.984927,3.14659,0.2857532303220075,0.5,0.3,Necrotic
0.680986,0.275002,0.28856091600052225,0.5,0.3,Necrotic
-2.53801,-1.16126,0.29168238747936875,0.5,0.3,Necrotic
-0.678396,-0.925464,0.2904999790083541,0.5,0.3,Necrotic
-3.53929,-2.20865,0.2923699704113628,0.5,0.3,Necrotic
8.80634,13.7925,0.7021931236524133,0.5,0.3,Viable tumour cell
-2.12947,12.9574,0.4236007658702405,0.5,0.3,Viable tumour cell
0.203024,-0.370475,0.2895500743020593,0.5,0.3,Necrotic
0.0880828,-0.137862,0.28941842816106766,0.5,0.3,Necrotic
-0.225853,0.238179,0.2893568948683891,0.5,0.3,Necrotic
0.0639334,1.1422,0.2883132308915215,0.5,0.3,Necrotic
-5.15644,0.605628,0.29342803559295233,0.5,0.3,Necrotic
3.20547,3.77877,0.28334621100373203,0.5,0.3,Necrotic
-0.716623,-0.142369,0.2899751807743914,0.5,0.3,Necrotic
0.185206,-0.779106,0.28989942073528785,0.5,0.3,Necrotic
4.99006,-5.81385,0.2944257552483993,0.5,0.3,Necrotic
0.0446374,-0.166746,0.28946579276185425,0.5,0.3,Necrotic
6.64531,-8.98361,0.32904450261379214,0.5,0.3,Viable tumour cell
-0.553081,0.14446,0.2896647493094993,0.5,0.3,Necrotic
0.0630137,-0.715058,0.28991183099218426,0.5,0.3,Necrotic
4.52651,-1.02248,0.2885802065740659,0.5,0.3,Necrotic
-1.90724,-4.58111,0.29337538484606496,0.5,0.3,Necrotic
-0.615714,-0.178966,0.2899240525688791,0.5,0.3,Necrotic
0.0496237,-0.319525,0.2895901465504112,0.5,0.3,Necrotic
13.3674,2.00363,0.43077063699083246,0.5,0.3,Viable tumour cell
-0.0147114,-0.15319,0.28948673514532086,0.5,0.3,Necrotic
13.2558,-2.02327,0.41296828378492395,0.5,0.3,Viable tumour cell
0.0247594,-0.0273293,0.28936055155066365,0.5,0.3,Necrotic
16.1012,1.7882,0.6247092929410567,0.5,0.3,Viable tumour cell
-0.0740332,-0.0220052,0.28942033639146875,0.5,0.3,Necrotic
0.0694756,-0.094858,0.2893926705554009,0.5,0.3,Necrotic
-5.013,-11.2746,0.37862677465211175,0.5,0.3,Viable tumour cell
0.32532,-0.0248652,0.28914331299647145,0.5,0.3,Necrotic
0.055462,0.22869,0.28910189152012605,0.5,0.3,Necrotic
-0.12355,0.168689,0.28932137027721616,0.5,0.3,Necrotic
8.4853,-12.1195,0.5161493024892042,0.5,0.3,Viable tumour cell
0.256409,0.257646,0.2888843230525362,0.5,0.3,Necrotic
-11.1358,-11.329,0.6924672774188088,0.5,0.3,Viable tumour cell
-2.381,-1.92872,0.29190710618861243,0.5,0.3,Necrotic
0.669254,-0.479414,0.289356195928359,0.5,0.3,Necrotic
1.20966,-15.7775,0.5885204579018601,0.5,0.3,Viable tumour cell
0.489744,-0.222891,0.2892256111259736,0.5,0.3,Necrotic
5.24293,-4.90143,0.29357578193102035,0.5,0.3,Necrotic
-0.0602096,0.42728,0.28904081737353116,0.5,0.3,Necrotic
0.380323,-0.0363317,0.2891155119180563,0.5,0.3,Necrotic
13.8304,5.75211,0.5565209578048416,0.5,0.3,Viable tumour cell
0.0672412,-0.00732608,0.2893103871143565,0.5,0.3,Necrotic
0.106412,-0.0523589,0.28932782864878365,0.5,0.3,Necrotic
0.295232,-0.663914,0.2897445134477712,0.5,0.3,Necrotic
1.31204,0.44472,0.28794975439315695,0.5,0.3,Necrotic
0.538349,-0.3579,0.2893271833207725,0.5,0.3,Necrotic
-0.0400215,-0.0591826,0.2894227213856382,0.5,0.3,Necrotic
0.0532092,0.581223,0.28880184588126945,0.5,0.3,Necrotic
-0.128368,-0.0733966,0.28949398767227263,0.5,0.3,Necrotic
-0.414719,0.475782,0.2893287693249926,0.5,0.3,Necrotic
-0.090817,0.222266,0.2892450146043168,0.5,0.3,Necrotic
-4.88741,-10.4625,0.35115034565683756,0.5,0.3,Viable tumour cell
0.173404,-0.577059,0.2897377638144004,0.5,0.3,Necrotic
-6.18015,-11.5484,0.41585658700265477,0.5,0.3,Viable tumour cell
0.161116,0.0375237,0.2891944791696487,0.5,0.3,Necrotic
-11.6346,-7.56138,0.4943995103069144,0.5,0.3,Viable tumour cell
-1.74317,-0.377173,0.2908784662099156,0.5,0.3,Necrotic
0.0110756,-0.136697,0.2894588433108226,0.5,0.3,Necrotic
0.458903,-0.0608734,0.2890840373138413,0.5,0.3,Necrotic
-0.130017,-0.0961957,0.2895100009024877,0.5,0.3,Necrotic
-0.77211,0.860826,0.2893309013628268,0.5,0.3,Necrotic
0.0409252,-0.510555,0.2897536597201469,0.5,0.3,Necrotic
0.176911,3.29232,0.28654004702564806,0.5,0.3,Necrotic
-2.89091,4.77531,0.28929217785094724,0.5,0.3,Necrotic
-6.57801,-2.44441,0.29236931446411474,0.5,0.3,Necrotic
-7.40104,-16.3392,0.8239328351269934,0.5,0.3,Viable tumour cell
-7.19196,-10.1301,0.39487536505499143,0.5,0.3,Viable tumour cell
0.812126,-0.3834,0.28915691005833666,0.5,0.3,Necrotic
1.40402,0.325822,0.28802282068142965,0.5,0.3,Necrotic
11.6909,8.85528,0.5567964006814546,0.5,0.3,Viable tumour cell
-2.16563,-2.21635,0.29194036346165253,0.5,0.3,Necrotic
-9.81808,14.1381,0.7463254239995887,0.5,0.3,Viable tumour cell
-0.116414,-0.0540747,0.2894725840524791,0.5,0.3,Necrotic
0.651266,-0.217777,0.28910479171297654,0.5,0.3,Necrotic
0.153992,-0.0155226,0.28925655099249503,0.5,0.3,Necrotic
-0.982502,17.0876,0.7505147288230171,0.5,0.3,Viable tumour cell
3.6581,8.60708,0.29747256299719305,0.5,0.3,Viable tumour cell
0.655614,1.48825,0.2874165241000405,0.5,0.3,Necrotic
0.127423,-0.23264,0.28947609346635716,0.5,0.3,Necrotic
0.274355,-12.58,0.3825494521633686,0.5,0.3,Viable tumour cell
-1.20955,-3.50101,0.29245179246570474,0.5,0.3,Necrotic
-0.438019,0.0303618,0.28965578505024003,0.5,0.3,Necrotic
-2.09152,0.955658,0.29048803220978925,0.5,0.3,Necrotic
2.77092,-4.01306,0.29211091332589817,0.5,0.3,Necrotic
-0.133969,0.0433462,0.2894215036948551,0.5,0.3,Necrotic
-0.267922,-0.272511,0.2897275343423054,0.5,0.3,Necrotic
-0.1177,0.276327,0.2892236607819517,0.5,0.3,Necrotic
-0.687226,-0.320578,0.2900689759586949,0.5,0.3,Necrotic
-0.995275,3.47106,0.28765809471959775,0.5,0.3,Necrotic
9.99298,8.9285,0.46125895875604805,0.5,0.3,Viable tumour cell
17.4773,5.08653,0.8716202161137765,0.5,0.3,Viable tumour cell
0.629508,-0.123077,0.28902471231386534,0.5,0.3,Necrotic
0.605464,-2.32656,0.29103446109722225,0.5,0.3,Necrotic
0.187607,0.958511,0.28834950548773536,0.5,0.3,Necrotic
0.258838,0.0389694,0.2891229171047586,0.5,0.3,Necrotic
-0.0602984,0.0643904,0.28935198470421597,0.5,0.3,Necrotic
-0.357508,0.185961,0.2894918541969488,0.5,0.3,Necrotic
0.349176,-0.0684522,0.2891702597492181,0.5,0.3,Necrotic
-5.18377,2.29125,0.2940009547682958,0.5,0.3,Necrotic
-1.52894,-0.213472,0.29063249027653526,0.5,0.3,Necrotic
0.0465305,0.682809,0.2887211679920317,0.5,0.3,Necrotic
-1.2103,10.3318,0.317212988177169,0.5,0.3,Viable tumour cell
-11.8518,1.56523,0.36635811231021065,0.5,0.3,Viable tumour cell
-4.18062,-6.02712,0.29472202074179565,0.5,0.3,Necrotic
0.397576,0.123216,0.2889308717331035,0.5,0.3,Necrotic
6.69533,3.03852,0.2860348965416052,0.5,0.3,Necrotic
-0.167443,-1.05274,0.29031827788889686,0.5,0.3,Necrotic
0.150294,0.011852,0.28923047704603,0.5,0.3,Necrotic
-0.160293,0.0589757,0.28943056792565425,0.5,0.3,Necrotic
1.87469,6.29833,0.28425416710243695,0.5,0.3,Necrotic
-0.276497,0.437179,0.2892333795260459,0.5,0.3,Necrotic
2.07363,1.77378,0.28507550671723536,0.5,0.3,Necrotic
0.0196978,0.0677095,0.28927419570655505,0.5,0.3,Necrotic
-0.0958172,-0.0743295,0.2894704422073018,0.5,0.3,Necrotic
-0.0095586,0.094707,0.2892788313297402,0.5,0.3,Necrotic
16.1828,-0.222047,0.6182633002473994,0.5,0.3,Viable tumour cell
2.50776,-8.93232,0.2991095349050475,0.5,0.3,Viable tumour cell
0.21207,0.44651,0.2887649498948924,0.5,0.3,Necrotic
-0.505601,0.0884124,0.28966705377113283,0.5,0.3,Necrotic
2.02507,-0.508856,0.2886030651920427,0.5,0.3,Necrotic
10.4249,12.7337,0.7547424694516328,0.5,0.3,Viable tumour cell
-1.32824,0.0478728,0.29030982304844044,0.5,0.3,Necrotic
0.0409415,-0.197452,0.2894933101489767,0.5,0.3,Necrotic
7.33828,1.94287,0.2872194378298843,0.5,0.3,Necrotic
-0.131181,0.0751317,0.28939815020766296,0.5,0.3,Necrotic
3.52845,-3.24912,0.29129684163063874,0.5,0.3,Necrotic
-0.445501,-0.357715,0.2899137218828035,0.5,0.3,Necrotic
9.63052,5.35306,0.33827690481342754,0.5,0.3,Viable tumour cell
-0.760677,-1.1727,0.2907455941647064,0.5,0.3,Necrotic
0.143765,0.00126983,0.2892467966106062,0.5,0.3,Necrotic
10.8201,-11.7386,0.6274116619490759,0.5,0.3,Viable tumour cell
-11.6558,11.0563,0.6066718759972933,0.5,0.3,Viable tumour cell
-1.85689,-1.1687,0.2913116686872997,0.5,0.3,Necrotic
0.209469,-0.430402,0.2895964395470929,0.5,0.3,Necrotic
-7.54644,-11.0057,0.43969222382523143,0.5,0.3,Viable tumour cell
1.88216,2.47616,0.2847609079935969,0.5,0.3,Necrotic
0.142881,0.016908,0.2892302214290623,0.5,0.3,Necrotic
9.05105,-0.733037,0.2893365233430723,0.5,0.3,Viable tumour cell
-0.613807,-0.57301,0.29017825897544747,0.5,0.3,Necrotic
-0.0831195,0.163542,0.28928820061611066,0.5,0.3,Necrotic
-4.77905,-2.14186,0.29254443700125266,0.5,0.3,Necrotic
-0.0397182,-0.0629211,0.28942566025729327,0.5,0.3,Necrotic
-5.64744,7.33439,0.3014955342928927,0.5,0.3,Viable tumour cell
0.300541,1.07328,0.2881441194583723,0.5,0.3,Necrotic
3.83294,-2.79034,0.29073448681486647,0.5,0.3,Necrotic
0.515389,-0.909019,0.28983000308408347,0.5,0.3,Necrotic
0.117465,-0.712696,0.28988060565268614,0.5,0.3,Necrotic
0.564338,-0.62023,0.2895635740468411,0.5,0.3,Necrotic
11.7621,-11.6491,0.7023189321411625,0.5,0.3,Viable tumour cell
8.0617,6.17881,0.3140209288344979,0.5,0.3,Viable tumour cell
0.0833171,-0.158347,0.2894380228140799,0.5,0.3,Necrotic
-0.0555194,0.661564,0.28883561893585247,0.5,0.3,Necrotic
0.184725,-0.0250714,0.2892441910716268,0.5,0.3,Necrotic
0.297436,-0.0210267,0.28915940123074774,0.5,0.3,Necrotic
-8.07966,-11.8159,0.5009418302058151,0.5,0.3,Viable tumour cell
-3.10576,0.840682,0.291480555281094,0.5,0.3,Necrotic
1.13034,2.81379,0.28569699071640947,0.5,0.3,Necrotic
0.497468,-0.0391002,0.28903442999489803,0.5,0.3,Necrotic
6.54282,-1.20266,0.2881976314975493,0.5,0.3,Necrotic
-3.97544,-4.75561,0.293289429842321,0.5,0.3,Necrotic
0.143976,0.142647,0.28909107275380846,0.5,0.3,Necrotic
-0.758318,0.539907,0.28955221339802795,0.5,0.3,Necrotic
-6.21644,-9.95106,0.361578795626681,0.5,0.3,Viable tumour cell
-2.45828,1.18735,0.2907326781602442,0.5,0.3,Necrotic
0.210701,-0.447169,0.28960971893588927,0.5,0.3,Necrotic
11.7661,-5.00729,0.3837009441076516,0.5,0.3,Viable tumour cell
0.0599001,-0.211016,0.2894943998507405,0.5,0.3,Necrotic
1.15119,-12.2827,0.3719352447690938,0.5,0.3,Viable tumour cell
1.91479,-7.23497,0.2947667908350799,0.5,0.3,Necrotic
0.256544,-0.557549,0.28967686285244065,0.5,0.3,Necrotic
-0.624209,0.362901,0.28957124360357533,0.5,0.3,Necrotic
-2.62393,-17.0123,0.724578799206544,0.5,0.3,Viable tumour cell
1.64244,-1.05362,0.28941245020624273,0.5,0.3,Necrotic
-0.0267163,-0.0261378,0.28938791096237493,0.5,0.3,Necrotic
-0.564184,0.207743,0.28963060990645106,0.5,0.3,Necrotic
0.00167324,-0.176706,0.28949716247260715,0.5,0.3,Necrotic
9.33596,-7.72712,0.36257989303702204,0.5,0.3,Viable tumour cell
-2.00017,-8.87129,0.30114380450967687,0.5,0.3,Necrotic
-0.367443,-0.0388794,0.28964897530365674,0.5,0.3,Necrotic
4.95354,-2.06886,0.2896760770999255,0.5,0.3,Necrotic
0.402712,0.506882,0.2885303353746671,0.5,0.3,Necrotic
0.613982,-0.296235,0.28921073913901835,0.5,0.3,Necrotic
1.20268,0.589971,0.2878586059499275,0.5,0.3,Necrotic
-0.635552,0.91179,0.28916027676741196,0.5,0.3,Necrotic
-0.537607,-0.476272,0.2900589677713648,0.5,0.3,Necrotic
0.0410012,-0.120433,0.289429237930611,0.5,0.3,Necrotic
4.63438,-14.4697,0.5412616595268264,0.5,0.3,Viable tumour cell
-7.48092,5.84589,0.30538833290778317,0.5,0.3,Viable tumour cell
-0.0327104,-0.199095,0.2895349684692545,0.5,0.3,Necrotic
14.5675,-3.15085,0.5024601207713524,0.5,0.3,Viable tumour cell
-0.639346,-1.2601,0.2907474053322456,0.5,0.3,Necrotic
13.5405,-8.16824,0.5817754224825902,0.5,0.3,Viable tumour cell
0.166637,0.0300595,0.2891987397605181,0.5,0.3,Necrotic
-4.5248,12.666,0.44249271757277375,0.5,0.3,Viable tumour cell
5.64565,1.23013,0.28645368798503523,0.5,0.3,Necrotic
-4.64039,-14.0806,0.5095784710953788,0.5,0.3,Viable tumour cell
1.33916,-2.14164,0.2906002562307311,0.5,0.3,Necrotic
16.6798,-6.16766,0.7921185881393418,0.5,0.3,Viable tumour cell
-1.25139,-0.714015,0.29074681430271876,0.5,0.3,Necrotic
0.534305,3.66194,0.2859181112888225,0.5,0.3,Necrotic
0.483197,3.01665,0.28638536966229877,0.5,0.3,Necrotic
8.90879,-1.83923,0.2919119562962181,0.5,0.3,Viable tumour cell
-0.628776,-0.851913,0.29041107616046324,0.5,0.3,Necrotic
1.42406,1.46659,0.28627687185533535,0.5,0.3,Necrotic
0.187253,-0.830883,0.28994137290030836,0.5,0.3,Necrotic
-0.273929,-0.224246,0.2896998423200276,0.5,0.3,Necrotic
-2.00718,-0.772137,0.29121082752251987,0.5,0.3,Necrotic
-0.144769,-0.0895512,0.2895166357557518,0.5,0.3,Necrotic
0.537974,1.16051,0.28784317088098166,0.5,0.3,Necrotic
0.363806,-0.136522,0.28922854267139064,0.5,0.3,Necrotic
1.04369,0.509264,0.28804727226489857,0.5,0.3,Necrotic
-1.02681,0.853137,0.2895420948381526,0.5,0.3,Necrotic
0.0652756,0.526401,0.28883726791705544,0.5,0.3,Necrotic
2.41093,3.25517,0.2839728430003031,0.5,0.3,Necrotic
-0.0375492,0.0238309,0.2893630342304325,0.5,0.3,Necrotic
8.41404,3.37134,0.2928642920765334,0.5,0.3,Viable tumour cell
2.27747,12.0898,0.3857487225525595,0.5,0.3,Viable tumour cell
-2.57889,-1.23165,0.29173856463508746,0.5,0.3,Necrotic
-3.97366,13.2752,0.4678165990010118,0.5,0.3,Viable tumour cell
13.427,-8.85412,0.6139092976747972,0.5,0.3,Viable tumour cell
-0.501413,0.918789,0.28902958985617216,0.5,0.3,Necrotic
0.155707,-0.0435536,0.289283637197421,0.5,0.3,Necrotic
-10.1252,2.30395,0.317231510722464,0.5,0.3,Viable tumour cell
-4.20689,-2.53236,0.292480377791817,0.5,0.3,Necrotic
0.0465461,-1.00667,0.2901629236470408,0.5,0.3,Necrotic
-0.116425,0.195337,0.28929190357630635,0.5,0.3,Necrotic
0.294454,-0.260526,0.2894034591277953,0.5,0.3,Necrotic
-0.591243,-2.57518,0.2916073406363058,0.5,0.3,Necrotic
-3.37348,6.35632,0.28857992433700225,0.5,0.3,Necrotic
0.291534,-0.165524,0.28930958596156664,0.5,0.3,Necrotic
0.159285,0.480094,0.2887867916748768,0.5,0.3,Necrotic
0.0976859,-0.922144,0.2900653877689881,0.5,0.3,Necrotic
1.40386,-0.809977,0.28923757157658914,0.5,0.3,Necrotic
0.304487,-0.423778,0.289539869295198,0.5,0.3,Necrotic
-0.728681,-0.788889,0.2904145365731351,0.5,0.3,Necrotic
-13.7722,-6.06112,0.5730535954313439,0.5,0.3,Viable tumour cell
0.159642,-1.77014,0.2907105942574975,0.5,0.3,Necrotic
-0.516419,-1.48765,0.2908594097309532,0.5,0.3,Necrotic
0.956598,7.55458,0.28479414985728546,0.5,0.3,Necrotic
0.116207,-0.682939,0.28985653901277464,0.5,0.3,Necrotic
-0.234271,-0.236616,0.2896788722917575,0.5,0.3,Necrotic
10.2563,-3.80509,0.32039741920884957,0.5,0.3,Viable tumour cell
-0.112811,2.12687,0.28768952305807877,0.5,0.3,Necrotic
3.56044,-1.20645,0.288980778730895,0.5,0.3,Necrotic
0.245096,-0.168033,0.2893453717890829,0.5,0.3,Necrotic
0.178412,-0.115001,0.28933955068987466,0.5,0.3,Necrotic
3.08755,-5.34236,0.2932493628964664,0.5,0.3,Necrotic
-0.0396999,0.311521,0.28912098608703574,0.5,0.3,Necrotic
-0.0749767,0.0575586,0.28936821752008596,0.5,0.3,Necrotic
0.511713,-0.45314,0.2894424582919341,0.5,0.3,Necrotic
3.43484,0.205093,0.28725323769875305,0.5,0.3,Necrotic
-0.421108,-1.98125,0.29114015006591165,0.5,0.3,Necrotic
-6.50877,-16.6935,0.8238067727411317,0.5,0.3,Viable tumour cell
0.240998,-0.0334949,0.2892124064638683,0.5,0.3,Necrotic
-0.919916,0.311099,0.2898253292937362,0.5,0.3,Necrotic
0.132813,7.56251,0.28413057236227857,0.5,0.3,Necrotic
-0.0517278,-0.0272902,0.289407215581053,0.5,0.3,Necrotic
-5.40713,-12.8606,0.45780304325015786,0.5,0.3,Viable tumour cell
-2.84586,1.86597,0.29092617517326114,0.5,0.3,Necrotic
-2.37621,-15.8467,0.6043555148954672,0.5,0.3,Viable tumour cell
13.627,-9.78801,0.6978135191495709,0.5,0.3,Viable tumour cell
0.995969,2.49504,0.28612591609195337,0.5,0.3,Necrotic
4.9253,1.44138,0.2859233553215509,0.5,0.3,Necrotic
-5.48337,-0.985858,0.2930846165043365,0.5,0.3,Necrotic
-0.0610543,0.173506,0.28925914878493697,0.5,0.3,Necrotic
0.111851,0.456041,0.2888529093731111,0.5,0.3,Necrotic
1.02342,1.63677,0.2867877799278003,0.5,0.3,Necrotic
-0.820453,9.41173,0.29781230741166903,0.5,0.3,Viable tumour cell
-1.05768,-0.468539,0.29044074269577524,0.5,0.3,Necrotic
-1.38433,8.70594,0.2896502283118605,0.5,0.3,Viable tumour cell
1.18689,0.765641,0.2876752100331346,0.5,0.3,Necrotic
0.41996,-0.937797,0.28990521451764106,0.5,0.3,Necrotic
1.28112,-0.733069,0.2892015496646849,0.5,0.3,Necrotic
0.257689,-0.0630019,0.28923026070453567,0.5,0.3,Necrotic
0.107638,-0.602003,0.289793846628806,0.5,0.3,Necrotic
-6.65492,5.20852,0.2984050468215436,0.5,0.3,Necrotic
-0.571511,-0.0864614,0.28983124833429363,0.5,0.3,Necrotic
-2.22027,-0.115204,0.2910468389322999,0.5,0.3,Necrotic
-0.13632,-0.0922158,0.28951209561044206,0.5,0.3,Necrotic
0.0583123,-0.114331,0.2894148609392022,0.5,0.3,Necrotic
-8.62683,-1.53584,0.2971261106478464,0.5,0.3,Viable tumour cell
10.8872,2.07692,0.32869999582757753,0.5,0.3,Viable tumour cell
7.86155,-3.8943,0.29385311463125224,0.5,0.3,Necrotic
-2.46232,3.38484,0.28961848525537265,0.5,0.3,Necrotic
-1.13212,-5.58569,0.29403292393693664,0.5,0.3,Necrotic
-0.105864,-0.286483,0.289648534794388,0.5,0.3,Necrotic
0.419333,0.208379,0.28882157917166684,0.5,0.3,Necrotic
0.380909,0.657704,0.2884219568740197,0.5,0.3,Necrotic
-1.72911,3.74656,0.28834284282433936,0.5,0.3,Necrotic
-1.58928,-0.743131,0.29095938030730506,0.5,0.3,Necrotic
-6.74464,4.32532,0.297957691401568,0.5,0.3,Necrotic
0.0705725,-0.152717,0.2894401900517243,0.5,0.3,Necrotic
-0.35204,-0.652478,0.2900905081977054,0.5,0.3,Necrotic
-10.52,-4.56148,0.360776725351055,0.5,0.3,Viable tumour cell
-0.251554,-3.59511,0.29230213913914377,0.5,0.3,Necrotic
-5.87331,5.4414,0.29697470732668774,0.5,0.3,Necrotic
-0.129803,-0.000836605,0.2894479815931075,0.5,0.3,Necrotic
-1.50472,-2.50946,0.2919331192541986,0.5,0.3,Necrotic
-0.0420551,1.10609,0.28844395295747166,0.5,0.3,Necrotic
-4.8093,-1.38269,0.292725410160501,0.5,0.3,Necrotic
-3.58175,1.72318,0.2918938952011266,0.5,0.3,Necrotic
-0.0633004,0.203314,0.2892356837848458,0.5,0.3,Necrotic
-0.0669146,0.128119,0.28930350402168875,0.5,0.3,Necrotic
0.98738,0.937417,0.2876126041510205,0.5,0.3,Necrotic
0.257681,-0.00431515,0.2891709862563404,0.5,0.3,Necrotic
17.5179,-4.65575,0.8343248777431056,0.5,0.3,Viable tumour cell
-0.904849,1.82008,0.2887680271056794,0.5,0.3,Necrotic
0.654781,-5.88776,0.2938856018113377,0.5,0.3,Necrotic
-2.75679,0.126899,0.2913951847224222,0.5,0.3,Necrotic
-0.674912,-0.52884,0.290194941860802,0.5,0.3,Necrotic
12.6589,-8.3957,0.539523081169172,0.5,0.3,Viable tumour cell
-0.610422,-0.418917,0.29007578530242395,0.5,0.3,Necrotic
2.867,3.24667,0.2834379969670511,0.5,0.3,Necrotic
-0.10233,0.0991317,0.28936067250218167,0.5,0.3,Necrotic
0.0637737,-0.352295,0.2896097898485719,0.5,0.3,Necrotic
-0.0335217,-0.012007,0.289383793317984,0.5,0.3,Necrotic
6.26433,10.8261,0.40215045695740403,0.5,0.3,Viable tumour cell
-0.133312,-10.9931,0.3291431079170522,0.5,0.3,Viable tumour cell
0.0272183,0.875313,0.28857466950997723,0.5,0.3,Necrotic
-1.18325,-0.590448,0.29061500890356196,0.5,0.3,Necrotic
0.407351,0.0260965,0.2890307435350998,0.5,0.3,Necrotic
-2.20051,-2.73469,0.2922234936717231,0.5,0.3,Necrotic
-11.9152,-3.4611,0.395164034344442,0.5,0.3,Viable tumour cell
1.96125,0.0320792,0.2879960823917289,0.5,0.3,Necrotic
0.0386079,-1.05763,0.29020780036044197,0.5,0.3,Necrotic
1.37235,3.53145,0.2852005628062583,0.5,0.3,Necrotic
0.657321,-0.346461,0.2892304420656846,0.5,0.3,Necrotic
1.81804,-0.604014,0.28880633619604057,0.5,0.3,Necrotic
-0.455891,-3.39544,0.2922071879886785,0.5,0.3,Necrotic
-0.871417,0.360364,0.2897563563923029,0.5,0.3,Necrotic
-0.0944271,-0.0421126,0.2894485113277326,0.5,0.3,Necrotic
-2.87272,-1.97432,0.2920927331901193,0.5,0.3,Necrotic
10.2472,-6.66143,0.36346930226106555,0.5,0.3,Viable tumour cell
-0.0722405,-1.98624,0.2910002866828938,0.5,0.3,Necrotic
0.725354,-0.236347,0.28907049972750154,0.5,0.3,Necrotic
0.479388,-1.17294,0.29006282209304046,0.5,0.3,Necrotic
-0.148014,0.00669855,0.28945646515478507,0.5,0.3,Necrotic
-3.92146,1.5575,0.2922789454596271,0.5,0.3,Necrotic
6.06625,15.8278,0.7441294245173025,0.5,0.3,Viable tumour cell
0.305898,2.58078,0.2868955763326991,0.5,0.3,Necrotic
5.59203,-4.29946,0.2928436029548228,0.5,0.3,Necrotic
-0.761737,-0.638058,0.29033021123235936,0.5,0.3,Necrotic
-1.65548,0.132547,0.2905011714638368,0.5,0.3,Necrotic
4.79969,-12.5268,0.4225166634998398,0.5,0.3,Viable tumour cell
0.213851,-0.321689,0.2895036906686089,0.5,0.3,Necrotic
4.5985,8.50291,0.30516864213283834,0.5,0.3,Viable tumour cell
1.63724,-1.6571,0.29005101663489474,0.5,0.3,Necrotic
-2.64021,2.29963,0.29052517326500316,0.5,0.3,Necrotic
-0.390428,-1.2659,0.2906128440911864,0.5,0.3,Necrotic
-0.434237,-1.81437,0.2910374051736208,0.5,0.3,Necrotic
0.216756,-0.140075,0.2893374226623412,0.5,0.3,Necrotic
13.693,-2.61812,0.44064882311268466,0.5,0.3,Viable tumour cell
0.315434,-1.58153,0.29047655775725045,0.5,0.3,Necrotic
0.0546111,0.320652,0.2890238739041045,0.5,0.3,Necrotic
-0.553183,0.192708,0.2896325155803985,0.5,0.3,Necrotic
11.4974,1.50743,0.34640624205643944,0.5,0.3,Viable tumour cell
-17.5534,-4.97503,0.8865605245046437,0.5,0.3,Viable tumour cell
0.432011,-0.162278,0.2892057220426182,0.5,0.3,Necrotic
-2.6738,-9.09788,0.3039058127801092,0.5,0.3,Viable tumour cell
-0.00197902,0.160387,0.2892154818564608,0.5,0.3,Necrotic
-1.20011,2.19104,0.2888419649544739,0.5,0.3,Necrotic
-2.79008,-5.89758,0.2946787670785686,0.5,0.3,Necrotic
12.9474,-2.85632,0.40281364498703737,0.5,0.3,Viable tumour cell
1.14093,2.62029,0.2857977061444898,0.5,0.3,Necrotic
-0.667871,-0.630723,0.29025581065337014,0.5,0.3,Necrotic
-1.03384,1.02647,0.2894423272905148,0.5,0.3,Necrotic
0.192967,0.028379,0.2891817355113676,0.5,0.3,Necrotic
-0.779523,-0.323149,0.2901391221632518,0.5,0.3,Necrotic
7.79328,-15.4546,0.7514378807361688,0.5,0.3,Viable tumour cell
2.43405,-4.60452,0.29266832557262445,0.5,0.3,Necrotic
14.9264,8.70588,0.8488176446188664,0.5,0.3,Viable tumour cell
-9.1922,5.49401,0.3238451194481935,0.5,0.3,Viable tumour cell
6.84599,-4.73266,0.29436954094894263,0.5,0.3,Necrotic
6.10345,-7.33556,0.30137193184158595,0.5,0.3,Viable tumour cell
-3.45858,2.97719,0.2914132786161875,0.5,0.3,Necrotic
-0.164469,0.0375537,0.2894480119432925,0.5,0.3,Necrotic
3.84448,3.35726,0.283459092778507,0.5,0.3,Necrotic
-6.25536,-14.1815,0.5705750176441278,0.5,0.3,Viable tumour cell
-1.49708,-3.0595,0.2922298985373252,0.5,0.3,Necrotic
-14.9393,3.5146,0.5665183064264955,0.5,0.3,Viable tumour cell
3.87811,0.0758723,0.287387531960775,0.5,0.3,Necrotic
0.129039,-0.615963,0.289793953593086,0.5,0.3,Necrotic
4.62389,0.739405,0.28668656199734943,0.5,0.3,Necrotic
0.22704,1.27602,0.28804448290102447,0.5,0.3,Necrotic
-0.0413035,-0.115623,0.28947036740190957,0.5,0.3,Necrotic
6.92813,-6.44399,0.3011232786814245,0.5,0.3,Viable tumour cell
2.25872,2.79347,0.28423593508263856,0.5,0.3,Necrotic
0.478007,-0.152654,0.289163067675479,0.5,0.3,Necrotic
0.132839,-0.153497,0.28940737717973075,0.5,0.3,Necrotic
2.10372,0.540783,0.2871878535799951,0.5,0.3,Necrotic
-9.35711,10.6881,0.4685501719747853,0.5,0.3,Viable tumour cell
1.7815,14.3827,0.5133183432464077,0.5,0.3,Viable tumour cell
14.1558,-7.24896,0.5823477863813067,0.5,0.3,Viable tumour cell
-10.8253,-5.28352,0.38362491878514765,0.5,0.3,Viable tumour cell
1.71082,4.56021,0.28446844361561685,0.5,0.3,Necrotic
-0.636202,-9.31106,0.30049462167448565,0.5,0.3,Viable tumour cell
-2.95167,0.441932,0.2914639077215113,0.5,0.3,Necrotic
-0.493622,-0.0980501,0.2897809771796241,0.5,0.3,Necrotic
5.88811,-5.68658,0.29537666856212064,0.5,0.3,Necrotic
-3.26984,-3.58319,0.29276209471666753,0.5,0.3,Necrotic
0.839799,-0.489644,0.28924441462412215,0.5,0.3,Necrotic
0.246899,-5.08199,0.2933360779941175,0.5,0.3,Necrotic
-0.00172685,-0.790557,0.2900094363591137,0.5,0.3,Necrotic
5.78107,2.75387,0.28494909503976046,0.5,0.3,Necrotic
-0.404457,3.38798,0.2871211343504298,0.5,0.3,Necrotic
2.59849,4.88428,0.2836522604807274,0.5,0.3,Necrotic
-11.2598,-13.033,0.8299029074649285,0.5,0.3,Viable tumour cell
3.33161,-1.51771,0.2893833356546699,0.5,0.3,Necrotic
-2.56047,-2.31418,0.2921066090423281,0.5,0.3,Necrotic
0.0823078,1.88838,0.2876694282556174,0.5,0.3,Necrotic
-8.73784,9.00113,0.3792433649048098,0.5,0.3,Viable tumour cell
4.70341,10.1055,0.34125361828527995,0.5,0.3,Viable tumour cell
-3.15996,-4.63637,0.29345297042998897,0.5,0.3,Necrotic
-7.82156,-7.64458,0.3420879395815666,0.5,0.3,Viable tumour cell
-3.27391,-6.6825,0.2957294637981464,0.5,0.3,Necrotic
-0.810222,1.69011,0.2887515778773747,0.5,0.3,Necrotic
-1.18838,2.44655,0.28865000707538446,0.5,0.3,Necrotic
6.22883,-6.37886,0.2983825439784281,0.5,0.3,Necrotic
2.73204,-0.52149,0.28837353814579925,0.5,0.3,Necrotic
0.199532,-0.429583,0.2896010980687348,0.5,0.3,Necrotic
0.226305,-0.356552,0.28952598618751174,0.5,0.3,Necrotic
-4.54054,1.83507,0.2930242725562535,0.5,0.3,Necrotic
13.2627,6.32501,0.5395306714554637,0.5,0.3,Viable tumour cell
1.3158,0.322521,0.2880818594082192,0.5,0.3,Necrotic
-0.20441,0.0678759,0.2894573403685764,0.5,0.3,Necrotic
-8.52239,0.28998,0.2984023801532749,0.5,0.3,Necrotic
0.795601,-0.673244,0.2894615184806111,0.5,0.3,Necrotic
0.335436,-1.07028,0.2900583696062964,0.5,0.3,Necrotic
-3.57444,5.42011,0.2905385163561011,0.5,0.3,Necrotic
0.274186,0.562296,0.28860611304741185,0.5,0.3,Necrotic
0.259424,5.82186,0.28466895882058657,0.5,0.3,Necrotic
-0.146995,-4.567,0.2930124902762039,0.5,0.3,Necrotic
1.49905,-2.60417,0.29097147392167744,0.5,0.3,Necrotic
-1.26972,0.888615,0.28973344267609097,0.5,0.3,Necrotic
-1.13304,0.385303,0.28993590067247815,0.5,0.3,Necrotic
-0.247365,1.27267,0.28849500908081044,0.5,0.3,Necrotic
7.74774,-11.4052,0.4484810485119126,0.5,0.3,Viable tumour cell
-1.78221,2.99596,0.2890113405893572,0.5,0.3,Necrotic
0.0572809,-0.600869,0.28981996501848517,0.5,0.3,Necrotic
1.48449,1.22645,0.28664249297009137,0.5,0.3,Necrotic
3.09424,-0.156493,0.2878044327822744,0.5,0.3,Necrotic
-0.418443,-0.847961,0.29029017971221893,0.5,0.3,Necrotic
10.5183,-1.93754,0.31595502663382385,0.5,0.3,Viable tumour cell
-2.79691,14.7128,0.5516869644839004,0.5,0.3,Viable tumour cell
-2.10386,-7.35403,0.296216555255573,0.5,0.3,Necrotic
0.136008,-0.441687,0.2896453000691737,0.5,0.3,Necrotic
3.99465,-3.84479,0.2919273812624286,0.5,0.3,Necrotic
0.127721,0.381911,0.28890123400281914,0.5,0.3,Necrotic
-3.61041,-1.40379,0.2921909162370786,0.5,0.3,Necrotic
-1.56216,0.984079,0.2899670850980504,0.5,0.3,Necrotic
9.91616,-1.4145,0.30171150012647985,0.5,0.3,Viable tumour cell
-1.40816,2.85225,0.28863925637434723,0.5,0.3,Necrotic
-0.119053,1.26815,0.28837952523981786,0.5,0.3,Necrotic
-0.264365,0.192022,0.289418689353862,0.5,0.3,Necrotic
-5.85119,4.70184,0.2963013821244894,0.5,0.3,Necrotic
-0.474053,-0.765547,0.2902527486579887,0.5,0.3,Necrotic
-10.1423,3.22541,0.3235416727592355,0.5,0.3,Viable tumour cell
-1.2146,5.3152,0.28574161206796717,0.5,0.3,Necrotic
-0.715884,-0.424342,0.2901575510861702,0.5,0.3,Necrotic
2.65122,-7.97616,0.295305871279233,0.5,0.3,Necrotic
2.98979,-3.47523,0.2915501482741893,0.5,0.3,Necrotic
0.622717,1.90282,0.286997287577386,0.5,0.3,Necrotic
3.24224,-0.905314,0.2887026917410958,0.5,0.3,Necrotic
-0.589185,-1.54546,0.2909267166512845,0.5,0.3,Necrotic
-1.339,17.9728,0.8628341168895718,0.5,0.3,Viable tumour cell
-0.504105,0.469351,0.2894108496980366,0.5,0.3,Necrotic
1.3676,-6.52188,0.2942958962449139,0.5,0.3,Necrotic
-0.509829,1.75647,0.2883775165990699,0.5,0.3,Necrotic
-2.5709,0.766548,0.29104865843189254,0.5,0.3,Necrotic
15.403,-0.745297,0.5491136957744005,0.5,0.3,Viable tumour cell
4.32071,0.180254,0.28729135168622555,0.5,0.3,Necrotic
-0.16107,0.0312177,0.2894497324065989,0.5,0.3,Necrotic
-0.0970746,1.16173,0.28844840746291656,0.5,0.3,Necrotic
11.4365,5.63985,0.4098798054722873,0.5,0.3,Viable tumour cell
0.463451,0.26507,0.2887276057821948,0.5,0.3,Necrotic
0.259487,0.041731,0.28911941336601177,0.5,0.3,Necrotic
-1.47536,0.194356,0.29032325090111966,0.5,0.3,Necrotic
-0.525458,-8.16304,0.29563939574235604,0.5,0.3,Necrotic
5.58801,-0.068534,0.28748508550280305,0.5,0.3,Necrotic
-4.32717,11.7128,0.389472072626045,0.5,0.3,Viable tumour cell
-0.308562,-0.386091,0.2898447000661598,0.5,0.3,Necrotic
-2.15712,-0.319387,0.2910837515571466,0.5,0.3,Necrotic
0.568372,-1.20819,0.2900430995678997,0.5,0.3,Necrotic
-1.75046,-1.52949,0.2914249405241758,0.5,0.3,Necrotic
0.743581,-0.727671,0.28955374447090954,0.5,0.3,Necrotic
0.0675606,-0.117869,0.2894128334875115,0.5,0.3,Necrotic
7.06387,-3.21416,0.2909616818581373,0.5,0.3,Necrotic
-0.15052,0.247948,0.2892784955296386,0.5,0.3,Necrotic
0.125211,5.15986,0.2852674316821322,0.5,0.3,Necrotic
0.733761,0.812959,0.287950413908171,0.5,0.3,Necrotic
-0.51317,4.88698,0.2858981456225762,0.5,0.3,Necrotic
-0.375583,-0.477512,0.2899581903175431,0.5,0.3,Necrotic
-0.63564,-0.57044,0.29019279016071603,0.5,0.3,Necrotic
-4.57931,-4.59863,0.29258560345449697,0.5,0.3,Necrotic
1.47059,-1.03524,0.289470450819348,0.5,0.3,Necrotic
-1.97761,5.07819,0.28704359322677114,0.5,0.3,Necrotic
1.85207,0.775252,0.28704354954107575,0.5,0.3,Necrotic
-1.31719,-1.22688,0.2910320119854892,0.5,0.3,Necrotic
0.318335,4.36857,0.2857736231299966,0.5,0.3,Necrotic
-5.48986,8.34878,0.309639454744539,0.5,0.3,Viable tumour cell
0.206592,-2.04447,0.2909382262376057,0.5,0.3,Necrotic
1.66142,0.318427,0.28786929571340086,0.5,0.3,Necrotic
2.72295,-16.9271,0.7178803774638267,0.5,0.3,Viable tumour cell
-2.10126,-1.74492,0.29172617263232403,0.5,0.3,Necrotic
0.0169186,1.07671,0.28841328867245586,0.5,0.3,Necrotic
-1.85799,2.72147,0.28926774942273514,0.5,0.3,Necrotic
0.509212,1.33172,0.2877270831823796,0.5,0.3,Necrotic
2.71764,3.59556,0.2836491799215605,0.5,0.3,Necrotic
0.206641,-0.00963783,0.289212908796431,0.5,0.3,Necrotic
-10.2905,-3.53076,0.33658601542959465,0.5,0.3,Viable tumour cell
-0.657017,-0.279648,0.2900200113435143,0.5,0.3,Necrotic
0.0292064,-0.78528,0.28998838794513104,0.5,0.3,Necrotic
8.5919,4.01674,0.2999144063208167,0.5,0.3,Viable tumour cell
10.4023,-3.02125,0.31847821664661236,0.5,0.3,Viable tumour cell
-8.212,-6.95098,0.3356583956210207,0.5,0.3,Viable tumour cell
4.90356,12.8306,0.4662159253929319,0.5,0.3,Viable tumour cell
-5.52921,-3.08367,0.2923761759821551,0.5,0.3,Necrotic
0.142471,-0.340792,0.2895579341070375,0.5,0.3,Necrotic
-14.632,-5.53896,0.62242279861787,0.5,0.3,Viable tumour cell
-3.69878,1.02862,0.2920663195483257,0.5,0.3,Necrotic
-0.204969,-0.495743,0.2898779479864982,0.5,0.3,Necrotic
1.48119,2.1469,0.2854951850246567,0.5,0.3,Necrotic
-0.63881,0.18611,0.2897004639078826,0.5,0.3,Necrotic
0.53274,-0.530801,0.28950584913587407,0.5,0.3,Necrotic
4.23156,9.22567,0.3135544854662969,0.5,0.3,Viable tumour cell
3.97828,-2.2766,0.29011854632862977,0.5,0.3,Necrotic
-0.581803,-0.460878,0.2900817724210919,0.5,0.3,Necrotic
-0.00266336,-6.19942,0.2941873508080508,0.5,0.3,Necrotic
12.9466,0.318781,0.3956873794014265,0.5,0.3,Viable tumour cell
-1.31351,1.48259,0.2894503729585753,0.5,0.3,Necrotic
-2.84442,-0.373236,0.29158489004169214,0.5,0.3,Necrotic
-1.85261,0.438156,0.2905028413029187,0.5,0.3,Necrotic
-0.49851,0.68607,0.2892263884728934,0.5,0.3,Necrotic
0.0119128,0.025847,0.28931754938474413,0.5,0.3,Necrotic
7.72555,-4.69546,0.2966936266447867,0.5,0.3,Viable tumour cell
-1.71491,1.09802,0.2900556836565111,0.5,0.3,Necrotic
-13.3209,-10.0463,0.7924290751960437,0.5,0.3,Viable tumour cell
-0.620846,0.157101,0.2897065612674322,0.5,0.3,Necrotic
-8.37389,3.94171,0.30319961595584743,0.5,0.3,Viable tumour cell
-14.2096,1.33007,0.4914670233371976,0.5,0.3,Viable tumour cell
-1.09288,-17.163,0.727229884864906,0.5,0.3,Viable tumour cell
1.26885,-0.531902,0.2890035352894853,0.5,0.3,Necrotic
-1.62016,-1.22989,0.29120620417755777,0.5,0.3,Necrotic
-3.20178,0.110062,0.29173853548553386,0.5,0.3,Necrotic
0.286791,0.0869509,0.2890501024864378,0.5,0.3,Necrotic
2.90664,-3.00305,0.29108803453652615,0.5,0.3,Necrotic
13.1816,-11.3007,0.8118053381853562,0.5,0.3,Viable tumour cell
-2.45116,-1.66069,0.2918543061515303,0.5,0.3,Necrotic
-4.24111,-1.19046,0.2925004554478083,0.5,0.3,Necrotic
-2.9623,-7.49981,0.2970477744276885,0.5,0.3,Necrotic
1.35786,0.979442,0.28722324619230655,0.5,0.3,Necrotic
4.59749,-6.54315,0.29457371176777003,0.5,0.3,Necrotic
3.19281,-2.25129,0.29022707311593043,0.5,0.3,Necrotic
0.673489,-0.576471,0.28945120148352793,0.5,0.3,Necrotic
-3.15657,2.08599,0.291239324472719,0.5,0.3,Necrotic
7.06515,4.78661,0.28655187969038515,0.5,0.3,Viable tumour cell
3.20145,-8.68162,0.2981927242402994,0.5,0.3,Viable tumour cell
-12.7801,-2.90777,0.42916257591515566,0.5,0.3,Viable tumour cell
0.00964957,-0.438325,0.2897104093349299,0.5,0.3,Necrotic
-3.76905,-12.8561,0.4203317943031302,0.5,0.3,Viable tumour cell
-12.5778,2.14431,0.40237123007211395,0.5,0.3,Viable tumour cell
2.72421,6.53435,0.28369068348685883,0.5,0.3,Necrotic
6.61894,-5.71662,0.2966794845688778,0.5,0.3,Necrotic
3.98465,-4.51185,0.29261890244222516,0.5,0.3,Necrotic
2.79803,-2.49169,0.29057574028613214,0.5,0.3,Necrotic
1.40125,-1.42983,0.28991587204292735,0.5,0.3,Necrotic
0.345425,-0.288976,0.2893956999566555,0.5,0.3,Necrotic
-1.02105,-8.63324,0.297059267503697,0.5,0.3,Viable tumour cell
-7.3685,-2.62388,0.29270418785710167,0.5,0.3,Necrotic
4.93298,0.203679,0.28724372533505843,0.5,0.3,Necrotic
0.976736,-2.14977,0.29072986089966074,0.5,0.3,Necrotic
-3.28628,-1.7382,0.29214783112126774,0.5,0.3,Necrotic
-11.7351,6.11032,0.4143868656467274,0.5,0.3,Viable tumour cell
-2.78651,-2.80482,0.29237001343143787,0.5,0.3,Necrotic
0.703907,0.727631,0.28805219629845774,0.5,0.3,Necrotic
9.41927,-5.20943,0.31939729200671096,0.5,0.3,Viable tumour cell
-3.95227,-16.4579,0.6959888058722359,0.5,0.3,Viable tumour cell
0.248767,-0.179272,0.28935409630681547,0.5,0.3,Necrotic
0.0486382,-0.0787309,0.2893904590312957,0.5,0.3,Necrotic
-5.74526,6.46259,0.2978157137311197,0.5,0.3,Necrotic
-0.870105,-0.977588,0.2906505165079035,0.5,0.3,Necrotic
8.86344,-10.3781,0.4396111464931909,0.5,0.3,Viable tumour cell
12.9451,4.49588,0.4547221138744819,0.5,0.3,Viable tumour cell
0.566349,12.7092,0.4050823559609922,0.5,0.3,Viable tumour cell
-1.59548,-1.83184,0.29152154639657946,0.5,0.3,Necrotic
6.12635,0.627731,0.28703683547551195,0.5,0.3,Necrotic
-0.679361,0.0831602,0.2897994901878991,0.5,0.3,Necrotic
-0.214699,2.18997,0.2877572359533381,0.5,0.3,Necrotic
6.52671,-0.244681,0.287438509805647,0.5,0.3,Necrotic
-13.4747,4.45914,0.4770367340996122,0.5,0.3,Viable tumour cell
-2.04796,0.873712,0.29048407015224925,0.5,0.3,Necrotic
7.63761,-5.71871,0.30255847482779175,0.5,0.3,Viable tumour cell
-5.89354,2.98008,0.29546293790320716,0.5,0.3,Necrotic
7.85288,-6.38859,0.30885303331840525,0.5,0.3,Viable tumour cell
0.0754928,0.650157,0.2887213782100025,0.5,0.3,Necrotic
-7.23724,7.66092,0.3201106423847161,0.5,0.3,Viable tumour cell
-0.591764,-2.9419,0.2918953115561335,0.5,0.3,Necrotic
-0.301031,-0.331912,0.28979543900575866,0.5,0.3,Necrotic
0.382095,0.0593691,0.2890122135500807,0.5,0.3,Necrotic
12.7969,-4.70923,0.42563042436205095,0.5,0.3,Viable tumour cell
2.36441,1.61093,0.28524845911464664,0.5,0.3,Necrotic
2.74349,1.54933,0.28513331645180684,0.5,0.3,Necrotic
5.01295,-3.16324,0.29112106510264585,0.5,0.3,Necrotic
3.37742,-3.13277,0.2911801323426247,0.5,0.3,Necrotic
-4.7813,-13.1144,0.4545653501929877,0.5,0.3,Viable tumour cell
2.64161,-3.64449,0.2917507163063114,0.5,0.3,Necrotic
-0.136977,1.3599,0.2883191964859101,0.5,0.3,Necrotic
-0.206341,-3.02643,0.29184990798291705,0.5,0.3,Necrotic
-5.75324,-5.42344,0.2933593474559007,0.5,0.3,Viable tumour cell
2.94663,0.223084,0.2873063895669029,0.5,0.3,Necrotic
-1.51941,1.64294,0.2895732868647365,0.5,0.3,Necrotic
0.897247,-1.28383,0.2899527475175059,0.5,0.3,Necrotic
-2.73663,-1.57477,0.29192961255413624,0.5,0.3,Necrotic
3.46085,-4.01285,0.2921026061377121,0.5,0.3,Necrotic
-4.05122,-1.8351,0.29243702680373,0.5,0.3,Necrotic
2.80508,1.0328,0.28614102630456545,0.5,0.3,Necrotic
-5.9345,13.5198,0.5284579233023292,0.5,0.3,Viable tumour cell
3.43409,6.26277,0.28263993468911597,0.5,0.3,Necrotic
0.797314,-3.20647,0.291701204365384,0.5,0.3,Necrotic
10.5003,-10.9262,0.5506866081042114,0.5,0.3,Viable tumour cell
1.50171,-3.29621,0.29163575081336796,0.5,0.3,Necrotic
-7.54944,-6.7595,0.3195100826437093,0.5,0.3,Viable tumour cell
10.1187,3.21013,0.31906576441782897,0.5,0.3,Viable tumour cell
1.03992,1.26128,0.2871752948115843,0.5,0.3,Necrotic
-4.09863,2.00158,0.29247970431302783,0.5,0.3,Necrotic
-2.58509,2.82929,0.29020326770764293,0.5,0.3,Necrotic
9.3871,9.33776,0.4535846243013355,0.5,0.3,Viable tumour cell
10.2496,-11.8241,0.5904397314412746,0.5,0.3,Viable tumour cell
13.3344,-7.12292,0.5220208024923666,0.5,0.3,Viable tumour cell
-12.3412,-1.19761,0.3914828054166356,0.5,0.3,Viable tumour cell
0.651753,1.92597,0.2869359407425905,0.5,0.3,Necrotic
10.9314,2.87617,0.33676602719474585,0.5,0.3,Viable tumour cell
3.69423,-0.396559,0.28801304055175725,0.5,0.3,Necrotic
-14.0737,6.95293,0.577737271280894,0.5,0.3,Viable tumour cell
-2.05567,-4.14062,0.2930589674042912,0.5,0.3,Necrotic
-0.215416,-0.273153,0.2896987093463895,0.5,0.3,Necrotic
4.18443,-0.373171,0.2878865978767022,0.5,0.3,Necrotic
6.35421,1.36466,0.2866045733457841,0.5,0.3,Necrotic
7.28731,-0.764881,0.28747685999819333,0.5,0.3,Necrotic
-13.7702,-9.21301,0.753918279886904,0.5,0.3,Macrophage
17.4804,3.40171,0.8101355267018937,0.5,0.3,Macrophage
-12.238,-11.4893,0.8229983510639304,0.5,0.3,Macrophage
-1.14144,-18.2294,0.8738234331139569,0.5,0.3,Macrophage
13.4618,-5.48067,0.480959214152214,0.5,0.3,Macrophage
1.06795,-17.9092,0.829590430660768,0.5,0.3,Macrophage
1.67991,-19.5797,0.995026322106884,0.5,0.3,Macrophage
8.66275,-3.69445,0.29739891191430623,0.5,0.3,Macrophage
9.79252,13.3497,0.7438412676283611,0.5,0.3,Macrophage
6.60595,7.27618,0.30770282209907435,0.5,0.3,Macrophage
-0.0612196,-8.85341,0.2967440572730871,0.5,0.3,Macrophage
-5.45493,-9.66184,0.3397611952135984,0.5,0.3,Macrophage
-16.6857,-6.58601,0.9180434406125544,0.5,0.3,Macrophage
-6.10479,16.1813,0.7816994288795753,0.5,0.3,Macrophage
11.4643,13.2414,0.9123344685095711,0.5,0.3,Macrophage
5.31688,9.31887,0.3316575611181169,0.5,0.3,Macrophage
-11.3866,13.6494,0.8009389608232043,0.5,0.3,Macrophage
15.1426,-5.24897,0.5946114526866226,0.5,0.3,Macrophage
-0.212014,-16.7004,0.6774207935983543,0.5,0.3,Macrophage
-3.7672,9.81192,0.3204889684170462,0.5,0.3,Macrophage
-17.794,-2.07684,0.9586290310175548,0.5,0.3,Macrophage
5.61097,5.87312,0.28454211549960184,0.5,0.3,Macrophage
-15.3094,1.81652,0.5816938460686587,0.5,0.3,Macrophage
-10.5875,-8.09051,0.45680034524723967,0.5,0.3,Macrophage
-16.3092,4.12292,0.7241757234077795,0.5,0.3,Macrophage
12.6343,13.9011,1.0000000032641656,0.5,0.3,Macrophage
2.78185,-18.8944,0.976445797500132,0.5,0.3,Macrophage
4.57115,16.7796,0.8150396278867863,0.5,0.3,Macrophage
14.4296,-9.88118,0.766634352988385,0.5,0.3,Macrophage
17.5844,-5.64363,0.9113240429864428,0.5,0.3,Macrophage
18.1251,-0.193969,0.8509622553936641,0.5,0.3,Macrophage
9.46751,10.4832,0.5128307007261423,0.5,0.3,Macrophage
-12.1982,-9.85871,0.6678680055384201,0.5,0.3,Macrophage
7.1657,-2.5257,0.289262607892357,0.5,0.3,Macrophage
-2.86271,-17.9849,0.8510903078513997,0.5,0.3,Macrophage
-9.46685,-1.08562,0.30505699598364844,0.5,0.3,Macrophage
16.0582,-8.92025,0.8328203857564952,0.5,0.3,Macrophage
2.51302,2.15956,0.28422242647862256,0.5,0.3,Macrophage
-9.82114,-10.5593,0.5374902023615605,0.5,0.3,Macrophage
-17.9452,1.92229,0.8717707034382332,0.5,0.3,Macrophage
17.8066,1.50559,0.8257161329154115,0.5,0.3,Macrophage
11.9204,11.5827,0.7836602558894075,0.5,0.3,Macrophage
2.6383,17.5531,0.8830213383355029,0.5,0.3,Macrophage
7.70683,15.9967,0.8462738748091816,0.5,0.3,Macrophage
-13.8163,12.377,0.9074104149148892,0.5,0.3,Macrophage
-3.39844,18.158,0.9593270989747649,0.5,0.3,Macrophage
-14.9058,-7.99566,0.7645871121303307,0.5,0.3,Macrophage
-16.7169,-0.350035,0.7337310925688292,0.5,0.3,Macrophage
6.57871,11.8702,0.46116979190564866,0.5,0.3,Macrophage
9.79524,-15.2743,0.8815415912759323,0.5,0.3,Macrophage
-9.02926,7.25583,0.3460590543004475,0.5,0.3,Macrophage
-8.66414,15.1733,0.7886291681328972,0.5,0.3,Macrophage
-15.437,10.1055,0.8684429109827918,0.5,0.3,Macrophage
-16.3152,8.50516,0.8778479632074612,0.5,0.3,Macrophage
-15.8989,-1.83242,0.655480436670253,0.5,0.3,Macrophage
17.4407,-3.56411,0.7927373382075734,0.5,0.3,Macrophage
0.10092,-18.9262,0.9883087359811925,0.5,0.3,Macrophage
-10.1453,-14.775,0.8719056605447455,0.5,0.3,Macrophage
1.352,13.4161,0.44819748926375663,0.5,0.3,Macrophage
-3.28393,15.6849,0.6516575891078915,0.5,0.3,Macrophage
-2.05531,17.1991,0.7853347861551789,0.5,0.3,Macrophage
-12.2324,11.8088,0.7025673721622054,0.5,0.3,Macrophage
0.758717,-14.2759,0.4733225253949068,0.5,0.3,Macrophage
12.5143,-9.5082,0.5902395424915411,0.5,0.3,Macrophage
-17.9374,-3.55997,0.9044124567425313,0.5,0.3,Macrophage
7.88514,10.4962,0.44119051713978313,0.5,0.3,Macrophage
-10.1249,-2.77066,0.3243824534534474,0.5,0.3,Macrophage
-3.2816,11.4686,0.36758187885373644,0.5,0.3,Macrophage
-0.30835,17.8058,0.8358650694316209,0.5,0.3,Macrophage
-13.2072,-1.34131,0.4369719027110573,0.5,0.3,Macrophage
-0.507445,8.28145,0.28595702846016047,0.5,0.3,Macrophage
-11.0593,-0.0395786,0.33905533207672295,0.5,0.3,Macrophage
-4.52846,16.7727,0.8130521431530204,0.5,0.3,Macrophage
14.3283,9.78815,0.8739826552095508,0.5,0.3,Macrophage
-5.55521,-17.1408,0.84226391914099,0.5,0.3,Macrophage
2.94366,14.5963,0.5466877425667518,0.5,0.3,Macrophage
11.9594,-3.13707,0.36435791732777834,0.5,0.3,Macrophage
-15.0378,6.5349,0.6427921295885534,0.5,0.3,Macrophage
1.49409,-9.16651,0.3000207374447797,0.5,0.3,Macrophage
13.176,12.7659,0.9947366821683326,0.5,0.3,Macrophage
3.62602,-11.2551,0.35227802898295396,0.5,0.3,Macrophage
-13.337,7.32617,0.5409767598889812,0.5,0.3,Macrophage
4.60168,-15.325,0.6099910743523147,0.5,0.3,Macrophage
-13.1616,9.14954,0.6028884600968016,0.5,0.3,Macrophage
-10.7899,5.5171,0.36416739898700634,0.5,0.3,Macrophage
13.6207,11.5049,0.9186212001002216,0.5,0.3,Macrophage
9.48971,15.2906,0.8886323920046758,0.5,0.3,Macrophage
-17.5673,6.2639,0.94226508345603,0.5,0.3,Macrophage
3.50643,-17.6865,0.8289283679337197,0.5,0.3,Macrophage
-16.4008,-4.70897,0.7600861796840819,0.5,0.3,Macrophage
-14.7715,-3.67616,0.5786092719447633,0.5,0.3,Macrophage
-2.2495,8.56589,0.29157527535499617,0.5,0.3,Macrophage
4.93906,7.49972,0.2926338727014096,0.5,0.3,Macrophage
7.34889,-12.3359,0.4829180399197739,0.5,0.3,Macrophage
-2.47267,13.9531,0.48829420877457497,0.5,0.3,Macrophage
10.9096,8.2321,0.4753912414595749,0.5,0.3,Macrophage
-1.83692,-16.721,0.6842167016491456,0.5,0.3,Macrophage
17.8572,-1.95008,0.8191404710473662,0.5,0.3,Macrophage
-8.37288,-15.0666,0.7503681147044906,0.5,0.3,Macrophage
12.5003,-13.108,0.9298839523993842,0.5,0.3,Macrophage
-0.430081,0.339497,0.28944288466742757,0.5,0.3,Necrotic
-3.19284,-10.1135,0.32186455539038406,0.5,0.3,Viable tumour cell
14.5511,0.429452,0.4894206073654307,0.5,0.3,Viable tumour cell
4.91321,10.9268,0.3718168161979626,0.5,0.3,Viable tumour cell
-3.71075,4.66033,0.2911637487395573,0.5,0.3,Necrotic
1.36099,8.48066,0.2884143757386766,0.5,0.3,Viable tumour cell
-1.12071,-2.77178,0.2919554960781546,0.5,0.3,Necrotic
0.297514,-0.173617,0.2893134795197657,0.5,0.3,Necrotic
-5.20384,4.95203,0.2948607997564596,0.5,0.3,Necrotic
14.9848,3.74694,0.5740334467557673,0.5,0.3,Viable tumour cell
0.427799,0.606887,0.2884205429405897,0.5,0.3,Necrotic
-2.70675,-4.23242,0.29316537282100075,0.5,0.3,Necrotic
11.0887,-4.57922,0.35085785053946594,0.5,0.3,Viable tumour cell
10.2975,4.29641,0.33862538945897935,0.5,0.3,Viable tumour cell
-0.646469,1.74402,0.28853575129310804,0.5,0.3,Necrotic
0.186997,2.39837,0.2871599324328328,0.5,0.3,Necrotic
-8.89333,-12.0843,0.5633550584103145,0.5,0.3,Viable tumour cell
-1.51969,-6.903,0.29529266735680315,0.5,0.3,Necrotic
-0.462691,-0.22696,0.28984165338996143,0.5,0.3,Necrotic
1.29642,-10.1199,0.31082114906681424,0.5,0.3,Viable tumour cell
-0.850434,15.0581,0.5529086553197982,0.5,0.3,Viable tumour cell
-5.78602,-6.33232,0.29593185949427214,0.5,0.3,Viable tumour cell
-5.93467,3.71658,0.2959631836746059,0.5,0.3,Necrotic
0.15697,-0.617291,0.2897800476826261,0.5,0.3,Necrotic
7.20793,1.13379,0.2872968169289041,0.5,0.3,Necrotic
0.461691,0.231073,0.28876627676420086,0.5,0.3,Necrotic
-0.0213131,0.0271082,0.2893477062256963,0.5,0.3,Necrotic
2.93466,7.9667,0.28790203085847066,0.5,0.3,Viable tumour cell
-2.28674,-9.81821,0.3108756479559562,0.5,0.3,Viable tumour cell
-9.14452,3.71702,0.30941336934974645,0.5,0.3,Viable tumour cell
5.31214,3.96676,0.2826067549572703,0.5,0.3,Necrotic
-0.847634,-1.84786,0.29122866631854516,0.5,0.3,Necrotic
-1.47922,-4.96904,0.29359116169343447,0.5,0.3,Necrotic
0.217586,0.687353,0.2885531987416057,0.5,0.3,Necrotic
-3.1261,13.1999,0.44816820453074085,0.5,0.3,Viable tumour cell
-7.10455,-8.42782,0.34258474577856746,0.5,0.3,Viable tumour cell
0.648987,1.04433,0.28783419067377836,0.5,0.3,Necrotic
3.59756,-6.81688,0.29400202137685016,0.5,0.3,Necrotic
1.14473,-7.55139,0.29520562373940507,0.5,0.3,Necrotic
12.4734,8.30951,0.5841356065513275,0.5,0.3,Viable tumour cell
13.0191,8.64034,0.6457030298883554,0.5,0.3,Viable tumour cell
-0.143256,-0.714542,0.29002536916058486,0.5,0.3,Necrotic
-7.65665,-0.267496,0.2953231000230943,0.5,0.3,Necrotic
1.55088,12.5118,0.40101511617904995,0.5,0.3,Viable tumour cell
9.72121,-2.31779,0.3024923655630562,0.5,0.3,Viable tumour cell
3.43651,2.02472,0.2843685395850444,0.5,0.3,Necrotic
1.18359,6.05173,0.28446933363412863,0.5,0.3,Necrotic
3.06515,-6.12806,0.2938170690436624,0.5,0.3,Necrotic
-3.2914,7.17788,0.288032824982398,0.5,0.3,Necrotic
10.9952,-0.204566,0.32235820070317267,0.5,0.3,Viable tumour cell
3.63508,-15.7808,0.6259828744642963,0.5,0.3,Viable tumour cell
-0.415334,-0.146209,0.2897541328350008,0.5,0.3,Necrotic
-0.871008,0.367093,0.28975154625953153,0.5,0.3,Necrotic
-3.13166,-1.14765,0.29193480390106996,0.5,0.3,Necrotic
2.04407,-2.43957,0.29068031358445007,0.5,0.3,Necrotic
5.42193,-10.7306,0.3577778552303452,0.5,0.3,Viable tumour cell
15.9919,7.09312,0.8489238048096301,0.5,0.3,Viable tumour cell
-0.29128,-0.730053,0.29012103561623453,0.5,0.3,Necrotic
1.99608,2.57279,0.28460162501909375,0.5,0.3,Necrotic
-8.24757,7.4059,0.3319994740824327,0.5,0.3,Viable tumour cell
11.8447,-0.857715,0.34960762876981605,0.5,0.3,Viable tumour cell
-10.6574,-10.7341,0.6108833535289825,0.5,0.3,Viable tumour cell
3.42579,11.1523,0.3575309379278742,0.5,0.3,Viable tumour cell
0.515016,2.195,0.2869017397097099,0.5,0.3,Necrotic
-15.4427,4.99427,0.6446454783134576,0.5,0.3,Viable tumour cell
-1.82924,-3.54402,0.29262049908980514,0.5,0.3,Necrotic
1.38605,9.994,0.30843894986977305,0.5,0.3,Viable tumour cell
-1.80025,1.56463,0.28990126678324096,0.5,0.3,Necrotic
7.77971,9.64999,0.40273722563800435,0.5,0.3,Viable tumour cell
-5.12528,5.81638,0.295059432200263,0.5,0.3,Necrotic
5.19472,0.677303,0.28675393441723906,0.5,0.3,Necrotic
-11.8223,12.7056,0.7461340327225472,0.5,0.3,Viable tumour cell
6.68381,-8.2308,0.3168905880883671,0.5,0.3,Viable tumour cell
-4.31013,3.70428,0.29266848715778127,0.5,0.3,Necrotic
-3.12676,-3.16164,0.2925742469240029,0.5,0.3,Necrotic
9.28934,-0.0882499,0.29149142794853095,0.5,0.3,Viable tumour cell
-0.235931,-11.8873,0.3553635071806665,0.5,0.3,Viable tumour cell
-3.90074,7.87184,0.29289371971062045,0.5,0.3,Viable tumour cell
1.11226,-0.0494122,0.2886145154218228,0.5,0.3,Necrotic
3.37064,2.79216,0.2836870978814128,0.5,0.3,Necrotic
2.2564,-1.65459,0.2898026628889915,0.5,0.3,Necrotic
-1.37522,-4.09587,0.2929073956113481,0.5,0.3,Necrotic
-9.91776,-7.2982,0.3973206188673633,0.5,0.3,Viable tumour cell
-3.00479,2.55981,0.2908630972840959,0.5,0.3,Necrotic
-1.56544,-0.826526,0.2909842230852089,0.5,0.3,Necrotic
2.75334,-11.5269,0.3529440930294245,0.5,0.3,Viable tumour cell
-1.92699,0.78653,0.2904086431221469,0.5,0.3,Necrotic
3.42833,-7.66912,0.2947452199666122,0.5,0.3,Necrotic
6.41193,-2.84232,0.29030266093143864,0.5,0.3,Necrotic
-2.39489,-6.62098,0.29549490853026184,0.5,0.3,Necrotic
5.01374,-1.15372,0.2886323285290931,0.5,0.3,Necrotic
1.47334,-5.76413,0.29368851194147794,0.5,0.3,Necrotic
-0.750873,1.00322,0.2891891519393426,0.5,0.3,Necrotic
5.62972,-3.10435,0.2909817286742048,0.5,0.3,Necrotic
-9.1567,6.19058,0.33104469977718576,0.5,0.3,Viable tumour cell
-0.587009,2.16862,0.28818052297318775,0.5,0.3,Necrotic
0.918809,5.08869,0.2848625935231482,0.5,0.3,Necrotic
4.76871,-4.29108,0.29261907658220465,0.5,0.3,Necrotic
-0.507528,1.08533,0.28889404819695275,0.5,0.3,Necrotic
5.40382,14.2345,0.5791626575349891,0.5,0.3,Viable tumour cell
-2.1846,1.28379,0.29041505712267307,0.5,0.3,Necrotic
2.02699,2.14158,0.28462489619228226,0.5,0.3,Necrotic
3.34916,4.53564,0.28321147552219483,0.5,0.3,Necrotic
6.93905,9.31595,0.36385785095805334,0.5,0.3,Viable tumour cell
1.25698,-4.33915,0.29256295951905814,0.5,0.3,Necrotic
-3.87258,4.04061,0.29180387867550195,0.5,0.3,Necrotic
16.9352,1.21906,0.7082875583154771,0.5,0.3,Viable tumour cell
-3.25917,-0.863216,0.2919906204593275,0.5,0.3,Necrotic
4.04166,7.82257,0.28990932680144615,0.5,0.3,Viable tumour cell
0.858191,1.65875,0.28697855587837084,0.5,0.3,Necrotic
9.27766,2.98892,0.3007224162060537,0.5,0.3,Viable tumour cell
-1.88919,5.95846,0.28506801398724996,0.5,0.3,Necrotic
-7.44937,4.15515,0.2993577646391282,0.5,0.3,Necrotic
-6.01845,-3.82959,0.29208675253255845,0.5,0.3,Necrotic
1.96352,2.82846,0.28460605419278767,0.5,0.3,Necrotic
-8.39939,-2.69115,0.29834763757334853,0.5,0.3,Viable tumour cell
-4.54206,-0.698778,0.29263730847092917,0.5,0.3,Necrotic
1.39787,2.62126,0.28535743684355275,0.5,0.3,Necrotic
1.77427,-4.04796,0.29224051105595056,0.5,0.3,Necrotic
11.8458,-7.93393,0.4701324166680385,0.5,0.3,Viable tumour cell
-3.2604,-0.252672,0.29187261594126895,0.5,0.3,Necrotic
-3.38395,1.4616,0.29171672368122964,0.5,0.3,Necrotic
-4.41189,-11.2253,0.3660230919299477,0.5,0.3,Viable tumour cell
15.9547,4.29605,0.6755875199272783,0.5,0.3,Viable tumour cell
-7.53405,1.51862,0.29618856752297196,0.5,0.3,Necrotic
4.53927,-2.67872,0.290547022942821,0.5,0.3,Necrotic
-14.5894,-4.56118,0.5864066166226898,0.5,0.3,Viable tumour cell
-1.62409,-1.83719,0.2915365787424762,0.5,0.3,Necrotic
-2.31284,7.58052,0.28530819448637335,0.5,0.3,Viable tumour cell
1.98617,-4.34822,0.29246645954021244,0.5,0.3,Necrotic
-11.6,-9.35862,0.5888284789032019,0.5,0.3,Viable tumour cell
-12.3724,7.63878,0.4908633734343075,0.5,0.3,Viable tumour cell
-12.8625,-0.583792,0.413681211284612,0.5,0.3,Viable tumour cell
-5.99275,1.98679,0.29497921819392126,0.5,0.3,Necrotic
-8.84785,14.3399,0.7116305308020661,0.5,0.3,Viable tumour cell
-17.0657,4.64704,0.8327836591077473,0.5,0.3,Viable tumour cell
16.7072,-5.12462,0.7504823378816079,0.5,0.3,Viable tumour cell
-7.20222,8.51305,0.3344140413867686,0.5,0.3,Viable tumour cell
6.34449,-4.34987,0.2934046749204074,0.5,0.3,Necrotic
-2.23795,-4.64183,0.29344665921815233,0.5,0.3,Necrotic
-2.19376,-1.56177,0.2916881955821944,0.5,0.3,Necrotic
0.354003,8.3481,0.2866420258757,0.5,0.3,Viable tumour cell
1.11427,2.06473,0.2861865269541944,0.5,0.3,Necrotic
1.33265,0.625965,0.2877373655159427,0.5,0.3,Necrotic
-5.29227,-2.29038,0.2925793560044857,0.5,0.3,Necrotic
0.685642,-4.416,0.2927349757560306,0.5,0.3,Necrotic
1.72018,-2.22628,0.2905490564406037,0.5,0.3,Necrotic
-0.990306,-1.50063,0.29106219565234503,0.5,0.3,Necrotic
-1.38784,-0.0341541,0.29040921519617335,0.5,0.3,Necrotic
-6.98035,-12.9599,0.515598795299885,0.5,0.3,Viable tumour cell
-2.34726,-1.16847,0.2915820877125749,0.5,0.3,Necrotic
-3.60057,2.63832,0.2916650591404238,0.5,0.3,Necrotic
-14.0685,-8.2727,0.7051477856375641,0.5,0.3,Viable tumour cell
2.45439,0.529096,0.28703937228162424,0.5,0.3,Necrotic
10.6327,1.14477,0.3177777367788492,0.5,0.3,Viable tumour cell
6.21289,-3.58182,0.2917115105179938,0.5,0.3,Necrotic
-0.53863,4.01845,0.2867530632844971,0.5,0.3,Necrotic
-6.22779,-1.21895,0.29327384135894186,0.5,0.3,Necrotic
0.981527,-1.42136,0.2900490445513581,0.5,0.3,Necrotic
-2.65076,9.74471,0.3110081997426094,0.5,0.3,Viable tumour cell
-4.58141,-12.201,0.4066364518875727,0.5,0.3,Viable tumour cell
-12.4073,-8.00138,0.561964840537618,0.5,0.3,Viable tumour cell
-2.66207,5.73424,0.2873317441927515,0.5,0.3,Necrotic
13.1607,1.2163,0.4114306039966633,0.5,0.3,Viable tumour cell
-14.1011,5.1708,0.5337694037462706,0.5,0.3,Viable tumour cell
-4.28612,6.0341,0.29234141815195863,0.5,0.3,Necrotic
7.17627,5.87961,0.297154853544865,0.5,0.3,Viable tumour cell
-0.401577,5.65141,0.28514906644449445,0.5,0.3,Necrotic
3.78273,-5.14413,0.29318602114982045,0.5,0.3,Necrotic
-0.482233,2.96594,0.2875033378958437,0.5,0.3,Necrotic
2.72134,2.91016,0.28363132297878235,0.5,0.3,Necrotic
-1.43984,11.2226,0.34351084270522064,0.5,0.3,Viable tumour cell
3.35756,0.606301,0.2866574745309466,0.5,0.3,Necrotic
5.80994,-9.01727,0.3182301202709857,0.5,0.3,Viable tumour cell
1.65837,-8.19212,0.2958681841279,0.5,0.3,Necrotic
5.3092,-3.69265,0.29194702737682277,0.5,0.3,Necrotic
7.64869,-8.11027,0.3300809249812394,0.5,0.3,Viable tumour cell
14.4237,-4.90225,0.5306279645593686,0.5,0.3,Viable tumour cell
0.203045,0.31209,0.2888888380399953,0.5,0.3,Necrotic
15.4827,-9.78524,0.8470602640664145,0.5,0.3,Viable tumour cell
-5.05033,6.60901,0.29526648270222655,0.5,0.3,Necrotic
-1.69614,-2.93196,0.2922099543094224,0.5,0.3,Necrotic
1.85505,-3.07193,0.2913441100474244,0.5,0.3,Necrotic
-4.50571,4.36144,0.2932195859979706,0.5,0.3,Necrotic
-1.7576,-6.05641,0.2946063135339801,0.5,0.3,Necrotic
3.20954,13.6768,0.4842739069008473,0.5,0.3,Viable tumour cell
2.78301,4.20415,0.28363606969373945,0.5,0.3,Necrotic
-1.16613,-14.7217,0.5029061848089532,0.5,0.3,Viable tumour cell
8.30764,7.05588,0.3369171055553103,0.5,0.3,Viable tumour cell
0.576533,10.0961,0.30968788825075877,0.5,0.3,Viable tumour cell
5.61665,1.88588,0.2858504939121761,0.5,0.3,Necrotic
9.4401,-4.18432,0.3090863665060669,0.5,0.3,Viable tumour cell
-9.92489,-1.74486,0.3126025402889056,0.5,0.3,Viable tumour cell
-6.74791,6.02209,0.3010769362075932,0.5,0.3,Viable tumour cell
-6.9862,-1.69724,0.29277994358332576,0.5,0.3,Necrotic
-7.64987,-3.32318,0.2950926274013382,0.5,0.3,Viable tumour cell
-2.80007,-11.6727,0.3595363535394649,0.5,0.3,Viable tumour cell
8.71889,5.03366,0.31086978685855615,0.5,0.3,Viable tumour cell
4.53874,-5.07948,0.2934161203224074,0.5,0.3,Necrotic
-6.71794,3.51674,0.2972998647352355,0.5,0.3,Necrotic
-11.649,6.92924,0.4316584745448018,0.5,0.3,Viable tumour cell
2.47316,1.59763,0.28520952064723315,0.5,0.3,Necrotic
-6.53078,-5.72776,0.2970374831453041,0.5,0.3,Viable tumour cell
7.04268,-4.08453,0.29324787892039883,0.5,0.3,Necrotic
6.98332,10.0787,0.3926892271320001,0.5,0.3,Viable tumour cell
-3.27,1.01045,0.29163267491354816,0.5,0.3,Necrotic
1.42681,3.03858,0.28525958229007775,0.5,0.3,Necrotic
-7.48339,2.48397,0.29711293247045656,0.5,0.3,Necrotic
-2.81462,-4.98896,0.2937298350086499,0.5,0.3,Necrotic
-4.78002,-6.07244,0.29461702638320375,0.5,0.3,Necrotic
-5.34166,-8.02834,0.3063088877453923,0.5,0.3,Viable tumour cell
4.92926,2.29406,0.284967188765873,0.5,0.3,Necrotic
-0.677987,-4.73495,0.29325298996458576,0.5,0.3,Necrotic
4.00328,11.5187,0.37919618644900355,0.5,0.3,Viable tumour cell
-6.56269,7.08373,0.30511986271545055,0.5,0.3,Viable tumour cell
2.28041,-9.93356,0.309537821508834,0.5,0.3,Viable tumour cell
13.9797,0.640906,0.45376785249067847,0.5,0.3,Viable tumour cell
2.46162,9.83047,0.31004229345444145,0.5,0.3,Viable tumour cell
7.11107,13.515,0.5877323009641308,0.5,0.3,Viable tumour cell
-11.9686,-0.21083,0.369032405958775,0.5,0.3,Viable tumour cell
4.6278,4.44163,0.28200638566538044,0.5,0.3,Necrotic
-9.50138,-3.85637,0.32175319495248256,0.5,0.3,Viable tumour cell
-11.735,-2.39078,0.37330336170603773,0.5,0.3,Viable tumour cell
-3.70402,-7.5941,0.2974282491585801,0.5,0.3,Necrotic
4.83799,5.47734,0.28151412512012775,0.5,0.3,Necrotic
-3.20898,-8.30271,0.299715048488596,0.5,0.3,Viable tumour cell
9.66067,-13.5936,0.6931673415646666,0.5,0.3,Viable tumour cell
-9.16484,4.42136,0.3136726145492189,0.5,0.3,Viable tumour cell
-8.93915,-10.3657,0.477105165738465,0.5,0.3,Viable tumour cell
-4.53263,0.187837,0.29283489094470067,0.5,0.3,Necrotic
10.2208,9.81926,0.5171381962206958,0.5,0.3,Viable tumour cell
-8.16396,14.4817,0.6921024175502907,0.5,0.3,Viable tumour cell
-0.186451,-6.96316,0.2947381728775491,0.5,0.3,Necrotic
9.64816,-3.29765,0.30671878960559323,0.5,0.3,Viable tumour cell
7.54472,7.72425,0.3358154453388347,0.5,0.3,Viable tumour cell
-1.90419,2.07022,0.2897152771710296,0.5,0.3,Necrotic
-4.42032,0.921971,0.29280957985532086,0.5,0.3,Necrotic
2.0802,-3.84762,0.29201003369627787,0.5,0.3,Necrotic
-0.811938,-10.3231,0.31482104496206803,0.5,0.3,Viable tumour cell
0.871029,-1.71257,0.29036655710911885,0.5,0.3,Necrotic
1.76249,2.77413,0.28487029307997097,0.5,0.3,Necrotic
3.73014,-5.99175,0.2937820023477715,0.5,0.3,Necrotic
2.31458,13.7877,0.4776945320382541,0.5,0.3,Viable tumour cell
17.1535,-2.75239,0.740562954914455,0.5,0.3,Viable tumour cell
5.43342,-9.86947,0.3334659492733596,0.5,0.3,Viable tumour cell
4.46975,-5.77742,0.29395878045735835,0.5,0.3,Necrotic
-8.40896,3.05874,0.3015091318793373,0.5,0.3,Necrotic
6.86216,-7.38984,0.3074922872496343,0.5,0.3,Viable tumour cell
7.74595,-7.38882,0.3208074649274707,0.5,0.3,Viable tumour cell
-9.57619,-7.95964,0.4046821787360857,0.5,0.3,Viable tumour cell
4.46301,-10.051,0.3256122829011192,0.5,0.3,Viable tumour cell
8.54238,-4.41637,0.30113706279398533,0.5,0.3,Viable tumour cell
-5.39933,-1.65658,0.29270605163365565,0.5,0.3,Necrotic
-5.40892,-12.1074,0.4198986094237046,0.5,0.3,Viable tumour cell
-5.94046,0.520933,0.2941337233488949,0.5,0.3,Necrotic
-6.77368,1.80644,0.29577706457910546,0.5,0.3,Necrotic
-3.06838,-4.01747,0.29301643514880465,0.5,0.3,Necrotic
1.99901,3.83422,0.2844058933115834,0.5,0.3,Necrotic
5.01563,-0.53359,0.2879904388766223,0.5,0.3,Necrotic
6.83978,0.532446,0.28720314104614125,0.5,0.3,Necrotic
-5.04428,-7.05807,0.29662377776428056,0.5,0.3,Viable tumour cell
-3.50999,3.51609,0.2913980036846777,0.5,0.3,Necrotic
0.388336,11.0365,0.3348555331275521,0.5,0.3,Viable tumour cell
7.1347,-13.1327,0.5235323561225554,0.5,0.3,Viable tumour cell
-11.2888,-3.84764,0.37648801940943954,0.5,0.3,Viable tumour cell
3.94284,4.15125,0.2829730213770073,0.5,0.3,Necrotic
-3.6264,-1.82942,0.2922676177745095,0.5,0.3,Necrotic
-5.16113,4.0813,0.2945210200339695,0.5,0.3,Necrotic
-7.88302,10.1631,0.3931996745478169,0.5,0.3,Viable tumour cell
7.557,0.218641,0.2867022381186448,0.5,0.3,Necrotic
4.45491,3.64157,0.2833984049265103,0.5,0.3,Necrotic
13.1564,-6.25689,0.48238188266397486,0.5,0.3,Viable tumour cell
-4.49795,-3.14043,0.29256529688286503,0.5,0.3,Necrotic
-10.9252,1.79326,0.33600420643034734,0.5,0.3,Viable tumour cell
-4.40856,5.28743,0.2927243245435896,0.5,0.3,Necrotic
-4.66688,9.40959,0.32040651801307474,0.5,0.3,Viable tumour cell
13.3848,9.47447,0.7437904597479843,0.5,0.3,Viable tumour cell
-14.7107,9.43401,0.7544560234528437,0.5,0.3,Viable tumour cell
-6.33079,8.93006,0.3305567454109063,0.5,0.3,Viable tumour cell
3.76414,-10.2526,0.3233897379062642,0.5,0.3,Viable tumour cell
10.9161,-7.36133,0.4041308371695063,0.5,0.3,Viable tumour cell
-2.71441,12.2684,0.3951887906274981,0.5,0.3,Viable tumour cell
7.10158,-9.88691,0.3633357735018993,0.5,0.3,Viable tumour cell
14.2162,6.39566,0.6181764885228738,0.5,0.3,Viable tumour cell
0.637954,-10.5618,0.31881420027810337,0.5,0.3,Viable tumour cell
-8.31882,-15.9202,0.8275095580348668,0.5,0.3,Viable tumour cell
11.4774,-13.3013,0.8115122966730732,0.5,0.3,Viable tumour cell
-7.94163,-2.01582,0.29361598646167336,0.5,0.3,Viable tumour cell
10.4417,-13.3672,0.7306891458896165,0.5,0.3,Viable tumour cell
10.1708,-4.89941,0.33050347384388856,0.5,0.3,Viable tumour cell
-5.30796,-0.0763241,0.29336110948991884,0.5,0.3,Necrotic
6.08483,-4.97232,0.29428452692615353,0.5,0.3,Necrotic
-5.73298,-10.5429,0.3691134068142788,0.5,0.3,Viable tumour cell
-1.51564,-9.70349,0.3071706608982598,0.5,0.3,Viable tumour cell
-2.77014,-3.59142,0.29279528096875007,0.5,0.3,Necrotic
0.93159,-4.96868,0.2931321582922975,0.5,0.3,Necrotic
8.10311,1.73703,0.28803442710470245,0.5,0.3,Necrotic
8.99215,1.30065,0.2909566456793912,0.5,0.3,Viable tumour cell
2.91805,10.2562,0.32392936198530853,0.5,0.3,Viable tumour cell
8.1424,-1.20347,0.2880373150116699,0.5,0.3,Necrotic
15.9001,0.970217,0.6003672408883279,0.5,0.3,Viable tumour cell
13.9703,-1.91298,0.4483802304856088,0.5,0.3,Viable tumour cell
-4.55974,-14.8536,0.5648522917897719,0.5,0.3,Viable tumour cell
-10.0336,-8.88058,0.4630051154138861,0.5,0.3,Viable tumour cell
-0.807242,2.83506,0.2879554167221311,0.5,0.3,Necrotic
1.71815,9.04492,0.29454546303644913,0.5,0.3,Viable tumour cell
2.24745,-14.5832,0.5036335025253262,0.5,0.3,Viable tumour cell
15.1244,-3.30812,0.5455437453581073,0.5,0.3,Viable tumour cell
-8.89299,-4.51603,0.31538394344587356,0.5,0.3,Viable tumour cell
5.73571,6.98652,0.29339881616912805,0.5,0.3,Viable tumour cell
4.41073,-1.46873,0.2891110198595834,0.5,0.3,Necrotic
5.51762,-13.9885,0.5273890617587316,0.5,0.3,Viable tumour cell
0.900996,-8.43822,0.2964820193584535,0.5,0.3,Necrotic
-3.85478,-3.21686,0.292619902687816,0.5,0.3,Necrotic
-3.07243,10.6137,0.3356005169455062,0.5,0.3,Viable tumour cell
2.59447,-3.28927,0.29140607588166734,0.5,0.3,Necrotic
0.252039,-7.73527,0.2949016141867563,0.5,0.3,Necrotic
5.04421,-2.66243,0.29042731659745363,0.5,0.3,Necrotic
-14.0659,6.00091,0.546533784795846,0.5,0.3,Viable tumour cell
7.87988,0.819176,0.28748588075996084,0.5,0.3,Necrotic
-0.212354,6.58494,0.2839054624796836,0.5,0.3,Necrotic
-6.83221,0.93768,0.29525625289691826,0.5,0.3,Necrotic
3.38225,5.47675,0.28264079399512765,0.5,0.3,Necrotic
7.18891,12.7319,0.5355780219402083,0.5,0.3,Viable tumour cell
-10.6408,7.41575,0.3996807224126547,0.5,0.3,Viable tumour cell
-12.2575,8.42275,0.5132114135679399,0.5,0.3,Viable tumour cell
11.2202,-3.54444,0.34384069487435037,0.5,0.3,Viable tumour cell
1.95864,7.91366,0.2858931489820921,0.5,0.3,Necrotic
11.2895,12.2127,0.7861416089109075,0.5,0.3,Viable tumour cell
-11.6355,-12.2491,0.8165697400918605,0.5,0.3,Viable tumour cell
11.9487,4.02632,0.3923419314733446,0.5,0.3,Viable tumour cell
1.74942,-4.90447,0.2929741857519918,0.5,0.3,Necrotic
7.8241,-10.5424,0.40919919647769426,0.5,0.3,Viable tumour cell
-4.17226,-6.72139,0.29574708829396773,0.5,0.3,Necrotic
9.21476,-8.65529,0.38473497512919275,0.5,0.3,Viable tumour cell
7.27159,-1.4292,0.28795332996095574,0.5,0.3,Necrotic
-4.4333,2.51327,0.29303569473275864,0.5,0.3,Necrotic
6.38085,-1.93501,0.28874708602534727,0.5,0.3,Necrotic
8.15528,-2.1722,0.2894188099063595,0.5,0.3,Necrotic
-4.88477,-5.27863,0.2929862937033348,0.5,0.3,Necrotic
6.19064,-14.5697,0.5944787263230003,0.5,0.3,Viable tumour cell
9.79455,1.55238,0.30126638725465393,0.5,0.3,Viable tumour cell
-0.957363,6.31322,0.2839001837093802,0.5,0.3,Necrotic
8.64778,0.430588,0.28836013209149536,0.5,0.3,Viable tumour cell
-12.6868,10.922,0.6760124302951548,0.5,0.3,Viable tumour cell
-0.851764,-7.38139,0.29514241652856643,0.5,0.3,Necrotic
8.38753,-7.98706,0.34358344432267507,0.5,0.3,Viable tumour cell
-3.37999,-5.26533,0.2939701767926429,0.5,0.3,Necrotic
-8.06298,15.9552,0.8507885899534002,0.5,0.3,Viable tumour cell
-5.51815,-4.52389,0.2922040969883004,0.5,0.3,Necrotic
-3.41677,0.647673,0.29178267975068084,0.5,0.3,Necrotic
16.807,2.7686,0.7176808242435204,0.5,0.3,Viable tumour cell
6.87933,15.3828,0.7341904767121384,0.5,0.3,Viable tumour cell
-6.0055,1.3464,0.2946422991774242,0.5,0.3,Necrotic
-0.229187,12.8041,0.4076848096283018,0.5,0.3,Viable tumour cell
-9.35921,-6.30324,0.3523911966109403,0.5,0.3,Viable tumour cell
8.14449,11.4823,0.5014337852246701,0.5,0.3,Viable tumour cell
-5.4856,9.20598,0.32601288641332976,0.5,0.3,Viable tumour cell
-5.22267,-3.74511,0.29236177414625764,0.5,0.3,Necrotic
14.5318,5.01126,0.5788504273341544,0.5,0.3,Viable tumour cell
9.53341,4.67626,0.32350169957290986,0.5,0.3,Viable tumour cell
5.2916,-6.46494,0.2952632379226053,0.5,0.3,Necrotic
-0.00712835,11.8632,0.3631534911841845,0.5,0.3,Viable tumour cell
-8.27135,6.57204,0.3213400465585835,0.5,0.3,Viable tumour cell
-5.77274,-2.59038,0.29249106923878765,0.5,0.3,Necrotic
7.62223,3.57251,0.28970923029089407,0.5,0.3,Necrotic
5.76315,16.7413,0.8427373641908125,0.5,0.3,Viable tumour cell
10.2717,10.8271,0.5852174126708868,0.5,0.3,Viable tumour cell
2.86316,-7.09448,0.29444221097667955,0.5,0.3,Necrotic
-1.0411,-11.2005,0.33442305554360635,0.5,0.3,Viable tumour cell
-2.13047,4.26798,0.28840733626962,0.5,0.3,Necrotic
5.68718,-2.24291,0.2896095827054018,0.5,0.3,Necrotic
-2.61571,-10.7844,0.3324069444738254,0.5,0.3,Viable tumour cell
10.4627,0.32256,0.311160037123846,0.5,0.3,Viable tumour cell
8.27418,12.3728,0.564148518810045,0.5,0.3,Viable tumour cell
-0.0830217,9.177,0.2948611988516531,0.5,0.3,Viable tumour cell
-2.57696,16.4658,0.7177971193312207,0.5,0.3,Viable tumour cell
3.1914,-13.2637,0.4344146954682569,0.5,0.3,Viable tumour cell
10.4439,4.88619,0.3529299234316045,0.5,0.3,Viable tumour cell
4.20983,5.91256,0.28168890699698795,0.5,0.3,Necrotic
-3.06649,-1.14973,0.2919175008485751,0.5,0.3,Necrotic
0.974007,9.26547,0.29559351902360664,0.5,0.3,Viable tumour cell
2.88887,16.5052,0.7457155662582893,0.5,0.3,Viable tumour cell
12.6814,3.52014,0.4189331293876865,0.5,0.3,Viable tumour cell
-15.829,-7.56313,0.8395085770152814,0.5,0.3,Viable tumour cell
4.02901,-9.36928,0.30886248851416565,0.5,0.3,Viable tumour cell
-4.84073,7.60318,0.2975715862503397,0.5,0.3,Viable tumour cell
9.61267,0.855201,0.2973358293245667,0.5,0.3,Viable tumour cell
-9.47363,13.2133,0.6423850706865075,0.5,0.3,Viable tumour cell
-10.5935,-1.13549,0.32679325855095626,0.5,0.3,Viable tumour cell
-12.6067,1.29363,0.398817584541298,0.5,0.3,Viable tumour cell
16.1474,-7.74147,0.7789739801817046,0.5,0.3,Viable tumour cell
-6.06549,-3.02418,0.2923041871501378,0.5,0.3,Necrotic
-8.31717,-6.12375,0.3241410831244279,0.5,0.3,Viable tumour cell
9.04634,6.76259,0.34920305924359496,0.5,0.3,Viable tumour cell
2.15466,10.5974,0.328925343422243,0.5,0.3,Viable tumour cell
-6.31569,-4.7219,0.292969887453847,0.5,0.3,Viable tumour cell
6.07051,-9.93657,0.34362118017307147,0.5,0.3,Viable tumour cell
-2.00143,-12.3153,0.37636423666716856,0.5,0.3,Viable tumour cell
7.47903,-9.0291,0.34747977308637357,0.5,0.3,Viable tumour cell
12.3854,-1.26677,0.3709662877720139,0.5,0.3,Viable tumour cell
2.66377,-17.8292,0.8257831888464255,0.5,0.3,Viable tumour cell
8.91643,5.64101,0.32448174502117405,0.5,0.3,Viable tumour cell
2.78293,-10.5916,0.3263697455423168,0.5,0.3,Viable tumour cell
7.0374,-15.9875,0.768100502346785,0.5,0.3,Viable tumour cell
8.22626,2.3718,0.2897965242597671,0.5,0.3,Viable tumour cell
-3.09272,-12.5321,0.39415277275256577,0.5,0.3,Viable tumour cell
-15.7598,6.93381,0.7324137320352165,0.5,0.3,Viable tumour cell
9.06569,2.06031,0.2940762008350596,0.5,0.3,Viable tumour cell
-11.9169,2.40732,0.37324246412573486,0.5,0.3,Viable tumour cell
7.91919,5.29085,0.30050027261386225,0.5,0.3,Viable tumour cell
-6.90515,-3.26109,0.29246759014909945,0.5,0.3,Necrotic
-0.783263,7.25195,0.2828429575431378,0.5,0.3,Viable tumour cell
14.4119,7.93019,0.7243165681162069,0.5,0.3,Viable tumour cell
-2.58353,6.61769,0.2856297607280986,0.5,0.3,Viable tumour cell
-17.3426,-1.17922,0.8399573164407972,0.5,0.3,Viable tumour cell
1.23041,-11.2068,0.3354504349004484,0.5,0.3,Viable tumour cell
4.97925,-8.21427,0.30073682577796873,0.5,0.3,Viable tumour cell
-7.47269,12.9833,0.5366230386061741,0.5,0.3,Viable tumour cell
5.22174,15.2163,0.658033346416849,0.5,0.3,Viable tumour cell
-0.401091,10.1061,0.3098185712353668,0.5,0.3,Viable tumour cell
15.0261,1.11303,0.5255801082741268,0.5,0.3,Viable tumour cell
-6.23255,-13.4135,0.5172061786765921,0.5,0.3,Viable tumour cell
7.72566,4.34171,0.29067477928327623,0.5,0.3,Viable tumour cell
10.4327,-9.92407,0.48820521344013323,0.5,0.3,Viable tumour cell
-14.2058,0.343781,0.48904464374301365,0.5,0.3,Viable tumour cell
-7.43124,6.63094,0.30917359085477003,0.5,0.3,Viable tumour cell
-8.91228,8.03628,0.3602854433275478,0.5,0.3,Viable tumour cell
-9.2539,-3.09861,0.3099266741814954,0.5,0.3,Viable tumour cell
5.40161,4.91249,0.28130490174617917,0.5,0.3,Viable tumour cell
-0.707838,11.0837,0.3359319950372044,0.5,0.3,Viable tumour cell
15.028,-4.37118,0.5602111690655105,0.5,0.3,Viable tumour cell
-7.5337,0.763701,0.29586659789213543,0.5,0.3,Necrotic
2.47921,11.3515,0.35674096225420315,0.5,0.3,Viable tumour cell
-3.99411,-10.2645,0.33170248732904184,0.5,0.3,Viable tumour cell
-7.96484,-10.3005,0.42763874394029133,0.5,0.3,Viable tumour cell
-11.8297,4.27091,0.3877395101154878,0.5,0.3,Viable tumour cell
-6.80924,0.156528,0.2947309356104769,0.5,0.3,Necrotic
-14.6924,-8.97467,0.8093697715323842,0.5,0.3,Viable tumour cell
-14.7679,-2.00933,0.5499269230809894,0.5,0.3,Viable tumour cell
-5.84443,-16.0972,0.72466818918865,0.5,0.3,Viable tumour cell
-7.08708,-4.10086,0.2946376955981616,0.5,0.3,Necrotic
6.18148,-16.452,0.7826783887027335,0.5,0.3,Viable tumour cell
0.751362,-9.47785,0.30220945780102126,0.5,0.3,Viable tumour cell
2.46739,-13.5322,0.4399288919943114,0.5,0.3,Viable tumour cell
-10.0827,-6.48292,0.3815069811833278,0.5,0.3,Viable tumour cell
11.0993,-5.38972,0.364379684583935,0.5,0.3,Viable tumour cell
-12.6155,2.94848,0.40975297280423983,0.5,0.3,Viable tumour cell
-16.8163,-5.57569,0.8459592982391209,0.5,0.3,Viable tumour cell
-5.31877,1.36639,0.2939294378301009,0.5,0.3,Necrotic
-6.97581,-0.718709,0.2940560999036779,0.5,0.3,Necrotic
-13.8038,-4.18553,0.5149865628029333,0.5,0.3,Viable tumour cell
4.24,-8.37208,0.29894213545661164,0.5,0.3,Viable tumour cell
-9.84312,7.78305,0.3818300576626448,0.5,0.3,Viable tumour cell
-10.8759,4.68507,0.35556163815622754,0.5,0.3,Viable tumour cell
-9.12213,-5.38529,0.3308191906975702,0.5,0.3,Viable tumour cell
-6.86721,13.6148,0.5649869863128629,0.5,0.3,Viable tumour cell
6.4025,13.8871,0.585026138737581,0.5,0.3,Viable tumour cell
-13.5029,2.74769,0.4567655566694928,0.5,0.3,Viable tumour cell
16.9661,4.37962,0.7853019328445356,0.5,0.3,Viable tumour cell
-16.4057,-3.72422,0.7359658859336355,0.5,0.3,Viable tumour cell
11.3898,-2.67454,0.3418056133687407,0.5,0.3,Viable tumour cell
9.98896,-12.7652,0.6446056336670055,0.5,0.3,Viable tumour cell
-9.11665,-2.12115,0.30296279232818785,0.5,0.3,Viable tumour cell
-9.14201,1.88323,0.30251961747249806,0.5,0.3,Viable tumour cell
16.1928,-2.28444,0.629291287802334,0.5,0.3,Viable tumour cell
-10.8832,-2.1209,0.340093444805993,0.5,0.3,Viable tumour cell
9.48043,-5.92532,0.33021471788577494,0.5,0.3,Viable tumour cell
7.87537,-3.00317,0.29196850085664544,0.5,0.3,Necrotic
-14.9849,0.115083,0.5479852048621233,0.5,0.3,Viable tumour cell
-12.5615,3.96145,0.41880685330166934,0.5,0.3,Viable tumour cell
-6.49365,-6.53034,0.3043948806233988,0.5,0.3,Viable tumour cell
15.4891,-2.72142,0.5687941659281684,0.5,0.3,Viable tumour cell
-3.72901,-9.29528,0.3118179532187624,0.5,0.3,Viable tumour cell
-3.12258,8.92652,0.29888777457603344,0.5,0.3,Viable tumour cell
-1.88821,-11.476,0.34671123870342,0.5,0.3,Viable tumour cell
12.9967,-10.3588,0.695061918422019,0.5,0.3,Viable tumour cell
12.7381,10.0845,0.7205905536977331,0.5,0.3,Viable tumour cell
10.1108,7.9443,0.42229687422212125,0.5,0.3,Viable tumour cell
5.22607,-11.6626,0.3909033955358436,0.5,0.3,Viable tumour cell
12.3935,-6.69494,0.45393631446800453,0.5,0.3,Viable tumour cell
-0.452742,-12.9023,0.3957900103276295,0.5,0.3,Viable tumour cell
-3.46432,-6.03551,0.29483364091797204,0.5,0.3,Necrotic
10.6444,5.95333,0.3836753355743927,0.5,0.3,Viable tumour cell
11.849,-4.23095,0.37239142289387733,0.5,0.3,Viable tumour cell
0.44062,-11.615,0.34710754906124097,0.5,0.3,Viable tumour cell
-4.00414,7.00755,0.29095495258094173,0.5,0.3,Necrotic
3.21568,7.25515,0.2854094178788387,0.5,0.3,Viable tumour cell
-3.86993,8.8618,0.30402930426323704,0.5,0.3,Viable tumour cell
-8.66354,-7.92598,0.3716317080996576,0.5,0.3,Viable tumour cell
-6.67705,-10.8691,0.4043726325934093,0.5,0.3,Viable tumour cell
5.42853,10.4147,0.36455705793910953,0.5,0.3,Viable tumour cell
-3.69626,12.5208,0.4195034142150327,0.5,0.3,Viable tumour cell
3.59778,9.78211,0.3182714193866606,0.5,0.3,Viable tumour cell
5.99628,-8.10249,0.3057596896684149,0.5,0.3,Viable tumour cell
4.80406,-9.03192,0.30728000442798103,0.5,0.3,Viable tumour cell
-9.25062,2.62043,0.30566726366501984,0.5,0.3,Viable tumour cell
4.24014,6.87228,0.28464183035749774,0.5,0.3,Viable tumour cell
12.8612,7.45967,0.5635601868852407,0.5,0.3,Viable tumour cell
-8.6338,11.5854,0.4884580651639768,0.5,0.3,Viable tumour cell
0.674466,18.1002,0.8726055848127892,0.5,0.3,Viable tumour cell
-5.43013,10.1954,0.34962700477295516,0.5,0.3,Viable tumour cell
0.0599803,-9.90899,0.30554960475102516,0.5,0.3,Viable tumour cell
10.7194,-1.16445,0.3165488033184728,0.5,0.3,Viable tumour cell
-10.8634,3.60926,0.34521238133378757,0.5,0.3,Viable tumour cell
-8.66567,-3.60382,0.30413902686031563,0.5,0.3,Viable tumour cell
-6.71997,-9.12776,0.3506981704878754,0.5,0.3,Viable tumour cell
11.1055,-6.45227,0.3866960798504069,0.5,0.3,Viable tumour cell
12.1858,-2.25989,0.36669971327500894,0.5,0.3,Viable tumour cell
-11.5934,7.86869,0.4571856763066301,0.5,0.3,Viable tumour cell
10.2583,-9.13416,0.4422409537604723,0.5,0.3,Viable tumour cell
-10.4775,11.8485,0.5872235908251441,0.5,0.3,Viable tumour cell
-16.2496,1.46166,0.671624883912598,0.5,0.3,Viable tumour cell
5.45272,8.48488,0.3134345907922698,0.5,0.3,Viable tumour cell
-4.54298,-17.2032,0.7999993342830509,0.5,0.3,Viable tumour cell
9.21207,-14.5201,0.749490189777621,0.5,0.3,Viable tumour cell
-8.10172,8.36334,0.34798293378826617,0.5,0.3,Viable tumour cell
-8.36644,10.904,0.44198143737022133,0.5,0.3,Viable tumour cell
-5.24458,14.4076,0.5792867245180613,0.5,0.3,Viable tumour cell
-5.98788,-7.16829,0.3035736032958096,0.5,0.3,Viable tumour cell
-7.72924,-1.07077,0.2944228515169751,0.5,0.3,Necrotic
10.5763,13.6742,0.8454955638416638,0.5,0.3,Viable tumour cell
0.769912,11.736,0.36258123954033095,0.5,0.3,Viable tumour cell
-13.311,-7.56221,0.604730495778762,0.5,0.3,Viable tumour cell
-10.2544,-11.326,0.614060148998818,0.5,0.3,Viable tumour cell
-14.1884,-1.35869,0.49891306120533363,0.5,0.3,Viable tumour cell
10.0921,-0.525422,0.3022252724936513,0.5,0.3,Viable tumour cell
-10.1637,1.37074,0.3155197883958822,0.5,0.3,Viable tumour cell
9.93976,7.04126,0.3877334115105158,0.5,0.3,Viable tumour cell
-14.4686,10.4355,0.8009316448612865,0.5,0.3,Viable tumour cell
-16.8001,5.64837,0.8161382860001394,0.5,0.3,Viable tumour cell
-6.55508,7.92528,0.31448781057702235,0.5,0.3,Viable tumour cell
7.71043,8.58879,0.3621246621048305,0.5,0.3,Viable tumour cell
-10.0326,6.87021,0.36595579159893665,0.5,0.3,Viable tumour cell
2.97195,-15.2064,0.5587716970384596,0.5,0.3,Viable tumour cell
12.7188,-5.71749,0.44309217114658345,0.5,0.3,Viable tumour cell
10.9308,9.3643,0.5332531750078379,0.5,0.3,Viable tumour cell
-3.29563,-10.9409,0.34151466885541826,0.5,0.3,Viable tumour cell
-12.1842,-4.14717,0.42004704195460846,0.5,0.3,Viable tumour cell
-11.4185,-4.73836,0.39755889047643356,0.5,0.3,Viable tumour cell
14.051,8.92279,0.7690635151639879,0.5,0.3,Viable tumour cell
-5.83624,-8.89459,0.32813685907622314,0.5,0.3,Viable tumour cell
-7.5706,-5.90078,0.3091358101461243,0.5,0.3,Viable tumour cell
4.40624,-7.49769,0.2948133881408621,0.5,0.3,Viable tumour cell
-8.693,9.85771,0.4082289781105315,0.5,0.3,Viable tumour cell
7.72171,-9.80375,0.37684998760243055,0.5,0.3,Viable tumour cell
-8.15938,-8.67048,0.37892459467307077,0.5,0.3,Viable tumour cell
-13.4532,10.7392,0.7275681722198224,0.5,0.3,Viable tumour cell
-15.931,2.2946,0.64515960154132,0.5,0.3,Viable tumour cell
-13.9468,8.8282,0.6503627205909449,0.5,0.3,Viable tumour cell
12.785,11.0452,0.7986942991798405,0.5,0.3,Viable tumour cell
3.62734,15.1827,0.6122901820520339,0.5,0.3,Viable tumour cell
-3.38942,-15.5582,0.5967921333843128,0.5,0.3,Viable tumour cell
-10.2675,-13.0131,0.7327259282153787,0.5,0.3,Viable tumour cell
-7.86868,-4.31821,0.2988712545036817,0.5,0.3,Viable tumour cell
8.852,11.9414,0.5691403547996858,0.5,0.3,Viable tumour cell
-1.88887,9.53765,0.3034120085741848,0.5,0.3,Viable tumour cell
6.19088,9.75957,0.3590006759348623,0.5,0.3,Viable tumour cell
-7.4786,-14.604,0.6602119382700071,0.5,0.3,Viable tumour cell
1.77102,11.5573,0.3604796000150835,0.5,0.3,Viable tumour cell
0.483533,-17.3219,0.7513585616888852,0.5,0.3,Viable tumour cell
-9.30105,-0.00284793,0.30443455304286055,0.5,0.3,Viable tumour cell
-5.62982,11.1945,0.3885520290012838,0.5,0.3,Viable tumour cell
-12.6027,-10.7527,0.8010771183509751,0.5,0.3,Viable tumour cell
-10.6911,-13.9362,0.8536486435293718,0.5,0.3,Viable tumour cell
11.8927,-8.70411,0.5080802705451869,0.5,0.3,Viable tumour cell
4.10896,10.6177,0.3477837889763006,0.5,0.3,Viable tumour cell
-5.16364,16.043,0.7390129024308454,0.5,0.3,Viable tumour cell
2.64541,-12.5259,0.3919223422684577,0.5,0.3,Viable tumour cell
7.80986,-13.7642,0.5985191557860658,0.5,0.3,Viable tumour cell
-8.33464,-12.8043,0.5750610902173777,0.5,0.3,Viable tumour cell
9.87771,6.25032,0.3631607032206321,0.5,0.3,Viable tumour cell
1.81159,-12.8584,0.3998744859675228,0.5,0.3,Viable tumour cell
11.5045,6.46914,0.4373461032225192,0.5,0.3,Viable tumour cell
11.3496,-10.7825,0.594873256906263,0.5,0.3,Viable tumour cell
-7.55726,-15.3239,0.7274342007588122,0.5,0.3,Viable tumour cell
11.5365,-1.69963,0.3415597232028045,0.5,0.3,Viable tumour cell
-3.84303,14.9616,0.5938352158845126,0.5,0.3,Viable tumour cell
1.89583,-11.8507,0.357545070427505,0.5,0.3,Viable tumour cell
7.09284,11.1521,0.44084813354906205,0.5,0.3,Viable tumour cell
-1.52713,7.81712,0.2842401489652051,0.5,0.3,Viable tumour cell
13.4997,-3.58342,0.44311979756525943,0.5,0.3,Viable tumour cell
4.08515,-12.8491,0.427162500557588,0.5,0.3,Viable tumour cell
4.43823,-16.4314,0.716487394595913,0.5,0.3,Viable tumour cell
4.43335,-10.9193,0.3495917752544696,0.5,0.3,Viable tumour cell
11.7292,-6.98249,0.4296292716333898,0.5,0.3,Viable tumour cell
4.96005,12.0695,0.4250793250004264,0.5,0.3,Viable tumour cell
-7.58645,-12.4977,0.5162448048642687,0.5,0.3,Viable tumour cell
12.4893,1.73432,0.3854831966780299,0.5,0.3,Viable tumour cell
-8.04986,9.26715,0.36957269781133467,0.5,0.3,Viable tumour cell
-12.8821,9.99113,0.630636703743822,0.5,0.3,Viable tumour cell
-3.80641,-13.8924,0.47640412905343416,0.5,0.3,Viable tumour cell
14.6241,-0.494891,0.49116969097273344,0.5,0.3,Viable tumour cell
7.43132,6.61821,0.309726443563064,0.5,0.3,Viable tumour cell
-0.983959,14.4135,0.5069510989504186,0.5,0.3,Viable tumour cell
13.6668,4.7514,0.506815964161818,0.5,0.3,Viable tumour cell
-1.19052,12.9032,0.41423187192274746,0.5,0.3,Viable tumour cell
-7.77879,13.5772,0.5946164486485326,0.5,0.3,Viable tumour cell
-16.4904,7.5204,0.8403605578054589,0.5,0.3,Viable tumour cell
13.4668,2.82764,0.4491015555101675,0.5,0.3,Viable tumour cell
-7.53712,-9.40207,0.382808811887575,0.5,0.3,Viable tumour cell
6.12005,8.90121,0.3344992894945051,0.5,0.3,Viable tumour cell
3.58597,17.1024,0.8347333704645556,0.5,0.3,Viable tumour cell
-10.6205,14.3965,0.8254470699796247,0.5,0.3,Viable tumour cell
14.5427,5.83902,0.6180156770936269,0.5,0.3,Viable tumour cell
9.44793,-6.95261,0.34687485276495195,0.5,0.3,Viable tumour cell
13.3744,-1.1104,0.41512730042046336,0.5,0.3,Viable tumour cell
16.7652,-7.15689,0.8335134594003892,0.5,0.3,Viable tumour cell
-11.7097,-5.73797,0.43514879184684796,0.5,0.3,Viable tumour cell
-14.9167,8.48013,0.7197930970717652,0.5,0.3,Viable tumour cell
-9.91684,12.59,0.6133865540770346,0.5,0.3,Viable tumour cell
-15.0939,-7.17984,0.7358164294533551,0.5,0.3,Viable tumour cell
12.0649,0.0371749,0.3563449296154873,0.5,0.3,Viable tumour cell
-14.8143,4.67081,0.5775803641898934,0.5,0.3,Viable tumour cell
6.11976,-13.4125,0.5069736075130816,0.5,0.3,Viable tumour cell
-15.0786,-6.02677,0.6821407309740505,0.5,0.3,Viable tumour cell
16.011,2.64745,0.6335387785907387,0.5,0.3,Viable tumour cell
7.14242,-10.697,0.3946195137536192,0.5,0.3,Viable tumour cell
7.3626,-14.6331,0.646700207163896,0.5,0.3,Viable tumour cell
0.363659,16.155,0.6521863639021189,0.5,0.3,Viable tumour cell
-0.9226,11.9055,0.36835904139012876,0.5,0.3,Viable tumour cell
-13.595,1.81314,0.45516704033014277,0.5,0.3,Viable tumour cell
6.7814,8.14216,0.32907620438510615,0.5,0.3,Viable tumour cell
17.4105,-0.988142,0.752218356812082,0.5,0.3,Viable tumour cell
-14.0353,7.82075,0.6069224992690363,0.5,0.3,Viable tumour cell
-2.53807,11.4044,0.35695687302763995,0.5,0.3,Viable tumour cell
14.3239,2.36817,0.49517702058998025,0.5,0.3,Viable tumour cell
3.97066,12.4014,0.4206375968573617,0.5,0.3,Viable tumour cell
16.9012,1.83562,0.7132218755841206,0.5,0.3,Viable tumour cell
11.8199,3.29034,0.376923931293302,0.5,0.3,Viable tumour cell
9.63599,14.3106,0.8110757353326831,0.5,0.3,Viable tumour cell
9.22795,7.42431,0.37364463058819175,0.5,0.3,Viable tumour cell
6.95676,-11.6545,0.43325368996952657,0.5,0.3,Viable tumour cell
-17.416,0.189936,0.8104237279690907,0.5,0.3,Viable tumour cell
10.8774,-9.09579,0.46762875788519037,0.5,0.3,Viable tumour cell
-13.1662,-8.4926,0.6470589869714439,0.5,0.3,Viable tumour cell
6.05484,7.79565,0.308533584920328,0.5,0.3,Viable tumour cell
8.74038,-11.3737,0.48443019670396786,0.5,0.3,Viable tumour cell
-10.754,-8.99163,0.5072661422678507,0.5,0.3,Viable tumour cell
-10.5735,8.367,0.4272379603967919,0.5,0.3,Viable tumour cell
-0.317334,-17.7668,0.8098872314257954,0.5,0.3,Viable tumour cell
9.98137,2.56861,0.3095676470805159,0.5,0.3,Viable tumour cell
11.6575,2.31373,0.35730473206361024,0.5,0.3,Viable tumour cell
16.0536,4.95732,0.7144975851332342,0.5,0.3,Viable tumour cell
-2.1554,10.3994,0.3236025780522832,0.5,0.3,Viable tumour cell
13.8508,-10.5884,0.7916518922285743,0.5,0.3,Viable tumour cell
1.16505,16.7712,0.7251327354853141,0.5,0.3,Viable tumour cell
-11.6281,-6.62216,0.4565033414546228,0.5,0.3,Viable tumour cell
-7.00619,11.9984,0.4572304568643397,0.5,0.3,Viable tumour cell
-16.3342,-1.24987,0.699859514711849,0.5,0.3,Viable tumour cell
3.31874,11.9347,0.3886371394166564,0.5,0.3,Viable tumour cell
-15.5636,-4.21784,0.6622135295979505,0.5,0.3,Viable tumour cell
16.9486,-1.70658,0.7029284108532359,0.5,0.3,Viable tumour cell
-13.612,-3.18178,0.48420462859080854,0.5,0.3,Viable tumour cell
-17.0204,2.03523,0.7653920918655056,0.5,0.3,Viable tumour cell
-7.93073,11.9164,0.4798004662230507,0.5,0.3,Viable tumour cell
-13.368,5.51188,0.49126487489869136,0.5,0.3,Viable tumour cell
-16.6403,2.91229,0.7369819737495112,0.5,0.3,Viable tumour cell
14.4336,-3.99304,0.5083649625281124,0.5,0.3,Viable tumour cell
15.9093,-1.55531,0.5947718548184021,0.5,0.3,Viable tumour cell
4.46764,15.6552,0.6813068815224518,0.5,0.3,Viable tumour cell
-14.3876,2.18877,0.510027831678517,0.5,0.3,Viable tumour cell
1.22515,-16.882,0.6963040160555016,0.5,0.3,Viable tumour cell
-15.0435,-1.16894,0.5621694874317936,0.5,0.3,Viable tumour cell
-1.54047,15.5014,0.6014734214895443,0.5,0.3,Viable tumour cell
6.01581,-15.6599,0.6870414635543209,0.5,0.3,Viable tumour cell
-3.616,-12.0311,0.3814298958876822,0.5,0.3,Viable tumour cell
-4.84488,-16.3997,0.7193223462037183,0.5,0.3,Viable tumour cell
2.15475,-15.4168,0.5640855095518547,0.5,0.3,Viable tumour cell
13.44,3.87959,0.46932112650267277,0.5,0.3,Viable tumour cell
8.35995,8.1025,0.3665485915577813,0.5,0.3,Viable tumour cell
9.34444,3.74855,0.3094465806366801,0.5,0.3,Viable tumour cell
4.18099,-11.9065,0.3823277796067066,0.5,0.3,Viable tumour cell
-12.3497,13.4528,0.8571994807869067,0.5,0.3,Viable tumour cell
15.6702,3.39948,0.6227740973624052,0.5,0.3,Viable tumour cell
8.86931,12.815,0.6295437346594884,0.5,0.3,Viable tumour cell
-10.8891,2.88151,0.33951069834802394,0.5,0.3,Viable tumour cell
5.97632,-11.6109,0.40436662683573016,0.5,0.3,Viable tumour cell
-12.3787,6.66029,0.4624684809443099,0.5,0.3,Viable tumour cell
-5.15532,-15.4616,0.6359259000145119,0.5,0.3,Viable tumour cell
-16.4237,0.532648,0.6889028450508898,0.5,0.3,Viable tumour cell
-9.73103,-12.2361,0.6305487104148566,0.5,0.3,Viable tumour cell
1.8487,-17.2903,0.7455626420320066,0.5,0.3,Viable tumour cell
3.19459,12.9137,0.43438402624041306,0.5,0.3,Viable tumour cell
-8.49146,-9.48701,0.4177411804017477,0.5,0.3,Viable tumour cell
-9.79203,8.69067,0.4059737717638738,0.5,0.3,Viable tumour cell
15.3971,-2.0081,0.5542856684044442,0.5,0.3,Viable tumour cell
-17.1181,-4.1375,0.8185102104623918,0.5,0.3,Viable tumour cell
17.8629,4.26194,0.8804127382838378,0.5,0.3,Viable tumour cell
-8.13526,-5.18914,0.3091906041004432,0.5,0.3,Viable tumour cell
-13.5694,3.57999,0.4698156973562005,0.5,0.3,Viable tumour cell
-12.9573,-5.6302,0.5007143891417869,0.5,0.3,Viable tumour cell
1.13032,-13.2465,0.4142279010849561,0.5,0.3,Viable tumour cell
-14.1794,3.94835,0.5142202353549217,0.5,0.3,Viable tumour cell
11.0019,11.4522,0.6859098684472832,0.5,0.3,Viable tumour cell
10.8228,-12.5114,0.6891607316515846,0.5,0.3,Viable tumour cell
-10.9642,-2.94103,0.34863618411017494,0.5,0.3,Viable tumour cell
5.61109,12.3826,0.46009745586552564,0.5,0.3,Viable tumour cell
-1.26926,-12.1017,0.3646400205456327,0.5,0.3,Viable tumour cell
-5.29558,-14.6661,0.5716498530466257,0.5,0.3,Viable tumour cell
-6.32777,14.5866,0.6288074618855289,0.5,0.3,Viable tumour cell
-17.0689,-2.96538,0.8014538329233472,0.5,0.3,Viable tumour cell
-12.4714,0.507882,0.3912936548416101,0.5,0.3,Viable tumour cell
-15.5601,-8.59596,0.8676784888247644,0.5,0.3,Viable tumour cell
16.721,-0.97424,0.6724700146878264,0.5,0.3,Viable tumour cell
12.334,0.854706,0.372903137033961,0.5,0.3,Viable tumour cell
-2.16053,-13.2837,0.4218116247379692,0.5,0.3,Viable tumour cell
-1.44319,-13.0022,0.40241138888381184,0.5,0.3,Viable tumour cell
18.0682,-2.87133,0.8528908268366118,0.5,0.3,Viable tumour cell
10.9819,7.5139,0.44920099711692185,0.5,0.3,Viable tumour cell
9.52788,-11.1094,0.5080896886494906,0.5,0.3,Viable tumour cell
-11.5722,-1.78302,0.36240662066587187,0.5,0.3,Viable tumour cell
12.7648,5.44626,0.4722487981796874,0.5,0.3,Viable tumour cell
8.5298,10.0267,0.4469285857736941,0.5,0.3,Viable tumour cell
-4.7404,15.0431,0.6214010497148377,0.5,0.3,Viable tumour cell
-15.221,-2.77436,0.6012769376058009,0.5,0.3,Viable tumour cell
12.8454,-3.90104,0.411884932209078,0.5,0.3,Viable tumour cell
8.51979,15.5512,0.8475039473310754,0.5,0.3,Viable tumour cell
9.31457,8.55012,0.4141342885563455,0.5,0.3,Viable tumour cell
5.67853,-12.3777,0.4333994943275089,0.5,0.3,Viable tumour cell
-5.08041,11.8389,0.40841259371572386,0.5,0.3,Viable tumour cell
15.2587,6.88124,0.7433303217040185,0.5,0.3,Viable tumour cell
5.30877,-13.2884,0.4762688046326887,0.5,0.3,Viable tumour cell
15.1503,1.82796,0.5449830409185143,0.5,0.3,Viable tumour cell
2.0015,-10.899,0.3294137816960744,0.5,0.3,Viable tumour cell
17.6101,0.59834,0.7907597083245339,0.5,0.3,Viable tumour cell
14.1356,-8.81568,0.663917266807051,0.5,0.3,Viable tumour cell
6.48397,12.9793,0.5254889741262336,0.5,0.3,Viable tumour cell
-4.4298,14.3362,0.5537349087869589,0.5,0.3,Viable tumour cell
-12.4845,-2.01422,0.4040723618463995,0.5,0.3,Viable tumour cell
-7.8698,-13.3722,0.5875830513862855,0.5,0.3,Viable tumour cell
0.152205,-13.5181,0.42723103332399237,0.5,0.3,Viable tumour cell
13.4889,-4.45374,0.4578845134359155,0.5,0.3,Viable tumour cell
-8.50799,-11.0938,0.48796152587904384,0.5,0.3,Viable tumour cell
-13.7391,9.74308,0.6845906841102847,0.5,0.3,Viable tumour cell
-12.4984,4.73729,0.4276827977821106,0.5,0.3,Viable tumour cell
-10.9308,-7.126,0.43654520704594213,0.5,0.3,Viable tumour cell
-15.7679,5.91946,0.6983077717131352,0.5,0.3,Viable tumour cell
-0.565837,13.5897,0.45174935742649225,0.5,0.3,Viable tumour cell
-3.51155,-17.2714,0.775963385379653,0.5,0.3,Viable tumour cell
15.3517,7.83039,0.8189432244821576,0.5,0.3,Viable tumour cell
8.70916,-9.64462,0.4022679178467148,0.5,0.3,Viable tumour cell
-10.749,-12.2834,0.7237833534318682,0.5,0.3,Viable tumour cell
-10.3571,9.23608,0.4478244938820317,0.5,0.3,Viable tumour cell
-14.8645,0.758749,0.5364895945902216,0.5,0.3,Viable tumour cell
-1.87559,12.1301,0.38025207223057567,0.5,0.3,Viable tumour cell
-9.19637,-7.12173,0.36553548193850244,0.5,0.3,Viable tumour cell
11.023,10.0103,0.5771034010295605,0.5,0.3,Viable tumour cell
-8.28445,12.7677,0.5517392765779687,0.5,0.3,Viable tumour cell
12.7082,-0.518586,0.3832089301820826,0.5,0.3,Viable tumour cell
-11.7211,-10.6464,0.6919897328635464,0.5,0.3,Viable tumour cell
14.5044,-5.67275,0.5556766415435923,0.5,0.3,Viable tumour cell
-15.2729,2.59922,0.5844126415467917,0.5,0.3,Viable tumour cell
-14.7261,-0.378671,0.5312494381134583,0.5,0.3,Viable tumour cell
-10.0234,10.9837,0.5109895505268743,0.5,0.3,Viable tumour cell
-4.90674,11.0857,0.3707878575004282,0.5,0.3,Viable tumour cell
-6.9437,-13.9275,0.5817543032932677,0.5,0.3,Viable tumour cell
-14.1186,3.03578,0.4991535123261149,0.5,0.3,Viable tumour cell
-7.63495,11.2104,0.4331289581892013,0.5,0.3,Viable tumour cell
-12.3008,-5.22871,0.45158079052262784,0.5,0.3,Viable tumour cell
-3.08513,-13.5679,0.4458735696485192,0.5,0.3,Viable tumour cell
0.356901,13.5424,0.44965508265124143,0.5,0.3,Viable tumour cell
14.6344,7.37938,0.7086940713227574,0.5,0.3,Viable tumour cell
14.1817,-1.01056,0.4603950813802547,0.5,0.3,Viable tumour cell
-6.37507,-12.284,0.457084642394635,0.5,0.3,Viable tumour cell
8.56262,-13.8124,0.6417992212788575,0.5,0.3,Viable tumour cell
-9.58982,9.59994,0.43056152104600026,0.5,0.3,Viable tumour cell
8.08168,13.225,0.6141289365524376,0.5,0.3,Viable tumour cell
-15.8921,0.0525433,0.6337279673254809,0.5,0.3,Viable tumour cell
-6.95806,-11.7868,0.45264327129267523,0.5,0.3,Viable tumour cell
11.8437,-12.4466,0.7778900711686737,0.5,0.3,Viable tumour cell
-0.0881182,14.5391,0.5131756960706101,0.5,0.3,Viable tumour cell
-10.9737,11.1155,0.5637200765661384,0.5,0.3,Viable tumour cell
-8.29154,-14.0949,0.6643128336918238,0.5,0.3,Viable tumour cell
5.26832,-16.9188,0.8001985901364665,0.5,0.3,Viable tumour cell
12.0331,-10.3095,0.6122587948906333,0.5,0.3,Viable tumour cell
-1.49808,13.6917,0.4631963645339173,0.5,0.3,Viable tumour cell
-14.1414,-1.99638,0.5004049629180158,0.5,0.3,Viable tumour cell
11.0766,-14.1606,0.8492043504447596,0.5,0.3,Viable tumour cell
9.67333,12.3979,0.6561563672464517,0.5,0.3,Viable tumour cell
-5.57387,12.8422,0.47313413658171743,0.5,0.3,Viable tumour cell
12.1109,5.09194,0.4275829274642536,0.5,0.3,Viable tumour cell
2.23081,15.1852,0.5829732493304669,0.5,0.3,Viable tumour cell
10.7502,6.51012,0.4051105257469009,0.5,0.3,Viable tumour cell
-9.12078,12.5314,0.5702098546480678,0.5,0.3,Viable tumour cell
3.48014,-12.1477,0.38384233051407646,0.5,0.3,Viable tumour cell
-6.63074,-15.7746,0.7270060321699907,0.5,0.3,Viable tumour cell
16.4736,0.327355,0.6526516340844677,0.5,0.3,Viable tumour cell
1.19341,15.9663,0.6408768984661958,0.5,0.3,Viable tumour cell
-8.94276,-8.77496,0.41034618983553217,0.5,0.3,Viable tumour cell
-10.3622,13.5165,0.720108994862358,0.5,0.3,Viable tumour cell
15.6189,5.37943,0.6962617722855908,0.5,0.3,Viable tumour cell
-9.44704,-9.57484,0.4692474957507356,0.5,0.3,Viable tumour cell
-5.46644,16.8592,0.847155576755138,0.5,0.3,Viable tumour cell
8.15603,-13.1124,0.5654517666535499,0.5,0.3,Viable tumour cell
-11.4913,8.64739,0.4789068109402804,0.5,0.3,Viable tumour cell
3.00508,-14.1536,0.4838457642736379,0.5,0.3,Viable tumour cell
-15.5126,9.13023,0.8183509721496813,0.5,0.3,Viable tumour cell
-9.28426,-15.3942,0.8375711684060095,0.5,0.3,Viable tumour cell
-11.355,11.9324,0.6477296876056242,0.5,0.3,Viable tumour cell
-14.8663,7.39866,0.660114746305136,0.5,0.3,Viable tumour cell
-14.1131,11.375,0.8442770185101632,0.5,0.3,Viable tumour cell
14.6287,-2.45065,0.49799115562190266,0.5,0.3,Viable tumour cell
-12.945,-3.7317,0.45125872433700254,0.5,0.3,Viable tumour cell
11.7893,-9.62193,0.5515076395077083,0.5,0.3,Viable tumour cell
9.15579,-12.0482,0.5422221751639034,0.5,0.3,Viable tumour cell
11.8609,7.18754,0.48660785924725564,0.5,0.3,Viable tumour cell
6.86004,-15.0657,0.6612454908978276,0.5,0.3,Viable tumour cell
-0.82512,-16.329,0.639080527719617,0.5,0.3,Viable tumour cell
3.87521,-14.7898,0.5469587247326022,0.5,0.3,Viable tumour cell
-6.69422,11.4318,0.41841210556167663,0.5,0.3,Viable tumour cell
-9.45704,-12.8381,0.6513220418020569,0.5,0.3,Viable tumour cell
-7.56514,15.1593,0.7347516801139464,0.5,0.3,Viable tumour cell
17.7201,2.47586,0.8265812656812616,0.5,0.3,Viable tumour cell
13.8813,-6.44782,0.5337198048364534,0.5,0.3,Viable tumour cell
-1.90638,14.7032,0.5378662268761074,0.5,0.3,Viable tumour cell
14.1799,4.26174,0.5278742806923448,0.5,0.3,Viable tumour cell
13.7536,-0.280517,0.43675620949524147,0.5,0.3,Viable tumour cell
11.0918,-10.1399,0.5381859389762064,0.5,0.3,Viable tumour cell
1.51964,17.6297,0.8428487349153987,0.5,0.3,Viable tumour cell
-12.4481,5.78659,0.4436139460756245,0.5,0.3,Viable tumour cell
6.69089,-14.1059,0.5767647249807428,0.5,0.3,Viable tumour cell
8.39232,-14.6353,0.7085980560076011,0.5,0.3,Viable tumour cell
-2.13033,-13.9948,0.4608496582498762,0.5,0.3,Viable tumour cell
4.66595,14.7851,0.6034289859698909,0.5,0.3,Viable tumour cell
8.03913,14.127,0.6806559532526105,0.5,0.3,Viable tumour cell
-3.11504,-14.3238,0.49453929979472405,0.5,0.3,Viable tumour cell
12.6246,-12.0656,0.8355388896931963,0.5,0.3,Viable tumour cell
-15.9104,-5.73052,0.751472317516646,0.5,0.3,Viable tumour cell
10.2662,11.801,0.6549987497668235,0.5,0.3,Viable tumour cell
-9.63144,15.0146,0.8333650050162402,0.5,0.3,Viable tumour cell
15.3701,-8.35675,0.735012932491506,0.5,0.3,Viable tumour cell
10.1139,-14.292,0.7894431308210574,0.5,0.3,Viable tumour cell
-13.3216,6.28605,0.5064917517714439,0.5,0.3,Viable tumour cell
-12.4929,-6.13882,0.48992554035983127,0.5,0.3,Viable tumour cell
1.36619,-14.8672,0.5158460001580019,0.5,0.3,Viable tumour cell
7.3794,11.7781,0.48530873550912523,0.5,0.3,Viable tumour cell
5.46633,13.3637,0.5171795886714392,0.5,0.3,Viable tumour cell
8.68302,14.6328,0.7659986157786967,0.5,0.3,Viable tumour cell
-4.11725,15.8844,0.6915212644107582,0.5,0.3,Viable tumour cell
16.7431,5.51925,0.8225753334977295,0.5,0.3,Viable tumour cell
-14.1033,-7.44017,0.66003303264068,0.5,0.3,Viable tumour cell
-9.6497,11.5881,0.531439399997686,0.5,0.3,Viable tumour cell
4.43637,-17.2348,0.8052708558452799,0.5,0.3,Viable tumour cell
14.774,-10.6781,0.8676459283620613,0.5,0.3,Viable tumour cell
3.69964,16.2105,0.7242239042118405,0.5,0.3,Viable tumour cell
15.1446,-7.34837,0.6655776553739429,0.5,0.3,Viable tumour cell
-10.1254,10.1044,0.47202057608024856,0.5,0.3,Viable tumour cell
13.5435,7.88738,0.6417921644381334,0.5,0.3,Viable tumour cell
-5.72363,15.2594,0.6714719745273443,0.5,0.3,Viable tumour cell
15.8218,-3.93579,0.6194372864674289,0.5,0.3,Viable tumour cell
-6.40391,12.8348,0.49417670651241274,0.5,0.3,Viable tumour cell
3.78571,14.2316,0.5344648930381651,0.5,0.3,Viable tumour cell
-0.268303,16.8324,0.7224333410365532,0.5,0.3,Viable tumour cell
8.78386,10.8339,0.4982466736744549,0.5,0.3,Viable tumour cell
-17.5155,2.83265,0.8430542246622017,0.5,0.3,Viable tumour cell
0.890677,14.3245,0.5028100248413442,0.5,0.3,Viable tumour cell
15.0593,-8.99178,0.7442014490615096,0.5,0.3,Viable tumour cell
-3.66823,-14.6689,0.5298434856517488,0.5,0.3,Viable tumour cell
3.06353,15.673,0.6496045318429604,0.5,0.3,Viable tumour cell
-16.9586,3.69419,0.7992653625314208,0.5,0.3,Viable tumour cell
1.51518,15.147,0.570068423964915,0.5,0.3,Viable tumour cell
-2.25694,15.5732,0.6181542655231573,0.5,0.3,Viable tumour cell
5.14441,16.0759,0.7455186360665014,0.5,0.3,Viable tumour cell
-12.7737,12.5728,0.8141127676765127,0.5,0.3,Viable tumour cell
15.9949,-5.75124,0.6902349018450584,0.5,0.3,Viable tumour cell
-8.57801,13.4754,0.6185097698408633,0.5,0.3,Viable tumour cell
17.0883,-0.212756,0.718645847546634,0.5,0.3,Viable tumour cell
5.3223,-15.0996,0.6108433965426683,0.5,0.3,Viable tumour cell
3.61067,-16.7054,0.7180742040234587,0.5,0.3,Viable tumour cell
3.85574,13.3199,0.4730802217315798,0.5,0.3,Viable tumour cell
16.8004,-8.17383,0.8695680961855655,0.5,0.3,Viable tumour cell
-13.2275,8.14565,0.5633671037524375,0.5,0.3,Viable tumour cell
-13.1166,-4.713,0.4832908127487322,0.5,0.3,Viable tumour cell
-9.81469,-13.8319,0.7560012327978214,0.5,0.3,Viable tumour cell
16.3118,-3.26555,0.6564024117210528,0.5,0.3,Viable tumour cell
1.98863,16.7957,0.7530270633774023,0.5,0.3,Viable tumour cell
-11.8836,10.1682,0.5673546507389379,0.5,0.3,Viable tumour cell
16.014,-4.67325,0.6584910864747975,0.5,0.3,Viable tumour cell
6.26014,14.87,0.6602415581950047,0.5,0.3,Viable tumour cell
-15.5591,-3.52801,0.6458028716747646,0.5,0.3,Viable tumour cell
1.92959,-16.4397,0.6536495775095712,0.5,0.3,Viable tumour cell
15.9201,-6.74568,0.7179413637120058,0.5,0.3,Viable tumour cell
-0.0406689,-15.9323,0.5965230170323859,0.5,0.3,Viable tumour cell
-2.40456,18.0201,0.8899341294925898,0.5,0.3,Viable tumour cell
-3.59862,16.466,0.7433487823738705,0.5,0.3,Viable tumour cell
13.5224,7.20128,0.6028901728039286,0.5,0.3,Viable tumour cell
1.88902,-18.3751,0.880539000778324,0.5,0.3,Viable tumour cell
-11.4403,-8.2763,0.5132398001609235,0.5,0.3,Viable tumour cell
-6.81366,-14.8181,0.64497440611129,0.5,0.3,Viable tumour cell
-12.5337,-7.19648,0.5320178653940824,0.5,0.3,Viable tumour cell
9.59763,11.2968,0.5747298271222842,0.5,0.3,Viable tumour cell
-9.2761,-11.2907,0.5442952931062279,0.5,0.3,Viable tumour cell
18.4248,-1.16422,0.8812920181094422,0.5,0.3,Viable tumour cell
-15.7531,-6.63006,0.7831460244091271,0.5,0.3,Viable tumour cell
14.9476,-1.31531,0.5131451148165749,0.5,0.3,Viable tumour cell
-12.3068,-8.81496,0.6043703636279064,0.5,0.3,Viable tumour cell
0.515136,17.315,0.7811422252201186,0.5,0.3,Viable tumour cell
14.7462,-6.82621,0.6118013741850882,0.5,0.3,Viable tumour cell
-14.2534,-10.0186,0.8699797982019383,0.5,0.3,Viable tumour cell
14.3973,3.2612,0.5173460984371052,0.5,0.3,Viable tumour cell
-13.4933,1.05793,0.4455052661025609,0.5,0.3,Viable tumour cell
-0.748266,-15.2489,0.5406474594446838,0.5,0.3,Viable tumour cell
-13.7929,-4.87845,0.5360429422271189,0.5,0.3,Viable tumour cell
0.538735,-16.2136,0.6262291213831536,0.5,0.3,Viable tumour cell
-6.61919,15.267,0.7038624400504945,0.5,0.3,Viable tumour cell
15.0093,2.8924,0.5525950431579937,0.5,0.3,Viable tumour cell
-5.87239,-15.2871,0.6484191055819608,0.5,0.3,Viable tumour cell
-5.42943,-13.6622,0.5067095314865417,0.5,0.3,Viable tumour cell
-16.7519,-2.00419,0.7706563474216463,0.5,0.3,Viable tumour cell
-7.1648,16.0994,0.8212918725901786,0.5,0.3,Viable tumour cell
0.544389,15.2015,0.5658909529344975,0.5,0.3,Viable tumour cell
-16.5419,6.55262,0.8067063005515286,0.5,0.3,Viable tumour cell
-14.9966,5.53402,0.6110771785211462,0.5,0.3,Viable tumour cell
-14.2525,-6.4832,0.6291792481351414,0.5,0.3,Viable tumour cell
-1.64677,16.3482,0.6834363336976863,0.5,0.3,Viable tumour cell
-1.92391,-17.5708,0.7786885717877845,0.5,0.3,Viable tumour cell
-15.7058,-0.779985,0.6241308042396194,0.5,0.3,Viable tumour cell
15.2424,4.7029,0.625807312417179,0.5,0.3,Viable tumour cell
7.12959,-16.9402,0.8787823218562839,0.5,0.3,Viable tumour cell
-15.3381,4.05163,0.6154323947071573,0.5,0.3,Viable tumour cell
11.3535,10.8135,0.6585789209879825,0.5,0.3,Viable tumour cell
15.3325,6.32555,0.7181783284833962,0.5,0.3,Viable tumour cell
