x,y,Oxygen,quiescenceThreshold,hypoxiaThreshold,PointType
0.0704079,-0.0856417,0.27709418144550785,0.5,0.3,Necrotic
7.90641,-8.88951,0.33822192073220836,0.5,0.3,Viable tumour cell
-7.59933,7.40466,0.2929613446107717,0.5,0.3,Viable tumour cell
3.13862,2.0901,0.2781317583073425,0.5,0.3,Necrotic
-2.34335,2.64374,0.2735113670352253,0.5,0.3,Necrotic
-0.438767,0.0399719,0.27663860348033836,0.5,0.3,Necrotic
6.83532,2.10871,0.27765668998169907,0.5,0.3,Necrotic
0.0836349,-1.09246,0.27766743603447896,0.5,0.3,Necrotic
-6.45385,-15.6976,0.6708215492930274,0.5,0.3,Viable tumour cell
-1.83749,-1.40307,0.2763373621733095,0.5,0.3,Necrotic
-0.750626,-1.42449,0.2772338945286655,0.5,0.3,Necrotic
1.74331,12.0339,0.3384380268284768,0.5,0.3,Viable tumour cell
-0.507348,0.677917,0.2762715234435972,0.5,0.3,Necrotic
-12.7078,0.721983,0.37080105928547263,0.5,0.3,Viable tumour cell
16.181,-6.30005,0.7217473655180424,0.5,0.3,Viable tumour cell
-2.29313,-1.10087,0.2757716510719926,0.5,0.3,Necrotic
1.24485,0.8538,0.2774750611736955,0.5,0.3,Necrotic
9.39082,-6.07454,0.32085576364842927,0.5,0.3,Viable tumour cell
9.56152,3.43578,0.2924910203977921,0.5,0.3,Viable tumour cell
-5.64074,3.07509,0.26838908917475884,0.5,0.3,Necrotic
10.8262,2.22123,0.3063291797907176,0.5,0.3,Viable tumour cell
-1.6601,-1.99572,0.27683851699910245,0.5,0.3,Necrotic
-17.6407,-1.02154,0.792002118582603,0.5,0.3,Viable tumour cell
5.02132,0.816607,0.2783508019326654,0.5,0.3,Necrotic
-2.81877,-0.575466,0.2750282997146628,0.5,0.3,Necrotic
7.34214,-15.8127,0.7362531656881312,0.5,0.3,Viable tumour cell
0.104419,-0.527907,0.2773640856396066,0.5,0.3,Necrotic
-9.48271,-8.40208,0.3742968710292196,0.5,0.3,Viable tumour cell
-0.659791,-0.221183,0.2766124125709777,0.5,0.3,Necrotic
1.5106,-0.925178,0.27853670874461,0.5,0.3,Necrotic
0.0204383,-0.521143,0.2773002316329005,0.5,0.3,Necrotic
-8.15196,16.7426,0.8486803163050209,0.5,0.3,Viable tumour cell
0.606459,-4.37857,0.2800118777413551,0.5,0.3,Necrotic
-2.43705,2.91663,0.27325229322728617,0.5,0.3,Necrotic
-14.4015,7.2237,0.5966970610444109,0.5,0.3,Viable tumour cell
3.73284,-2.42986,0.2811561654866271,0.5,0.3,Necrotic
2.77824,2.9593,0.27798182431849655,0.5,0.3,Necrotic
-0.632087,4.63194,0.275002690629021,0.5,0.3,Necrotic
-0.360809,-0.686174,0.27710102637184425,0.5,0.3,Necrotic
-0.516717,-1.22549,0.2772927281250398,0.5,0.3,Necrotic
0.37423,-0.80204,0.2777093763109482,0.5,0.3,Necrotic
-4.41747,2.76292,0.2707622543202964,0.5,0.3,Necrotic
-0.17922,0.169129,0.27677294155633486,0.5,0.3,Necrotic
17.6304,6.03226,0.8297651807128401,0.5,0.3,Viable tumour cell
-0.136865,0.376214,0.276712165743558,0.5,0.3,Necrotic
1.67135,2.26427,0.2773474775297437,0.5,0.3,Necrotic
-2.4277,2.07365,0.2737780583682309,0.5,0.3,Necrotic
11.9775,0.798695,0.3341357495070827,0.5,0.3,Viable tumour cell
0.350027,0.598771,0.2769778513806037,0.5,0.3,Necrotic
-11.9181,-8.84655,0.5013528336180613,0.5,0.3,Viable tumour cell
-0.0348566,-0.57973,0.27729145199863775,0.5,0.3,Necrotic
-0.0640291,-0.144035,0.27702720213657056,0.5,0.3,Necrotic
-13.7774,2.17767,0.4311858059740476,0.5,0.3,Viable tumour cell
-1.05655,1.11642,0.27561263138327313,0.5,0.3,Necrotic
-12.9908,-10.8734,0.6907623680423632,0.5,0.3,Viable tumour cell
-1.80322,-16.337,0.6066568436834988,0.5,0.3,Viable tumour cell
1.60072,3.05818,0.2772369451002055,0.5,0.3,Necrotic
0.605349,0.940142,0.2770081375762299,0.5,0.3,Necrotic
-0.161387,-0.0956409,0.27692556916644806,0.5,0.3,Necrotic
0.0622908,0.072579,0.27700853787930446,0.5,0.3,Necrotic
-0.361476,-0.621076,0.2770643698697134,0.5,0.3,Necrotic
-5.03343,-10.9321,0.3445721230651256,0.5,0.3,Viable tumour cell
-0.520756,-0.524499,0.27688881226931095,0.5,0.3,Necrotic
2.64362,2.04031,0.27791676948389155,0.5,0.3,Necrotic
-10.7716,-4.7947,0.33412976127503685,0.5,0.3,Viable tumour cell
-0.356856,-0.746687,0.2771376516248489,0.5,0.3,Necrotic
9.36907,5.59614,0.3040689990639545,0.5,0.3,Viable tumour cell
-0.0620876,-0.134544,0.2770234187254796,0.5,0.3,Necrotic
-0.900463,-1.98143,0.2774550618626527,0.5,0.3,Necrotic
1.76546,-1.66251,0.27922954858544047,0.5,0.3,Necrotic
-12.8246,4.7512,0.4134677221060318,0.5,0.3,Viable tumour cell
2.65569,15.5228,0.5412840155712598,0.5,0.3,Viable tumour cell
1.78863,1.07091,0.27771494672212516,0.5,0.3,Necrotic
1.58385,2.39648,0.2772689136245652,0.5,0.3,Necrotic
-3.51873,3.40237,0.2713991696239956,0.5,0.3,Necrotic
-3.35887,13.6512,0.429970524118383,0.5,0.3,Viable tumour cell
0.188699,-4.45758,0.2797441949830589,0.5,0.3,Necrotic
-6.52274,-9.99043,0.34155592118838296,0.5,0.3,Viable tumour cell
-15.0425,-6.44837,0.6219044523380386,0.5,0.3,Viable tumour cell
0.570009,-0.709794,0.2777982600236586,0.5,0.3,Necrotic
-2.30434,-0.179132,0.2752460898351564,0.5,0.3,Necrotic
-5.92015,-0.256842,0.2733187090868473,0.5,0.3,Necrotic
0.235254,-1.07409,0.27776478703242935,0.5,0.3,Necrotic
-0.213963,-0.82291,0.27728936344727223,0.5,0.3,Necrotic
-0.312447,-1.15466,0.2774061292292882,0.5,0.3,Necrotic
-13.9743,1.25895,0.43922068500216316,0.5,0.3,Viable tumour cell
0.289076,-0.824775,0.27766106234211774,0.5,0.3,Necrotic
1.57219,-2.74245,0.2798544211839586,0.5,0.3,Necrotic
1.98637,3.22148,0.27753308673724963,0.5,0.3,Necrotic
-0.208513,-0.417047,0.27706818307088177,0.5,0.3,Necrotic
0.0897157,-0.389431,0.2772766755933745,0.5,0.3,Necrotic
2.52049,-0.359859,0.2787414587936992,0.5,0.3,Necrotic
1.02291,-12.7546,0.36193302646167097,0.5,0.3,Viable tumour cell
0.125963,-0.501953,0.2773650918292085,0.5,0.3,Necrotic
5.54595,0.189616,0.27819641379053084,0.5,0.3,Necrotic
-0.117363,1.80763,0.2761380018578297,0.5,0.3,Necrotic
0.339005,0.313445,0.2770998684962822,0.5,0.3,Necrotic
0.322064,-3.27614,0.2792119855466559,0.5,0.3,Necrotic
0.150874,-0.198595,0.27721448076893607,0.5,0.3,Necrotic
2.65854,3.91378,0.2780332976262173,0.5,0.3,Necrotic
-3.5207,0.856445,0.27363729610042375,0.5,0.3,Necrotic
2.82932,-0.733389,0.2791238159329543,0.5,0.3,Necrotic
-0.00616632,-0.514525,0.27727721071908834,0.5,0.3,Necrotic
-9.05652,-5.58365,0.3031608373882423,0.5,0.3,Viable tumour cell
1.71298,0.544469,0.27788113616987525,0.5,0.3,Necrotic
-4.90101,8.52368,0.2793522251601574,0.5,0.3,Viable tumour cell
1.47623,-0.418458,0.27821386336930976,0.5,0.3,Necrotic
0.280032,-0.76899,0.277623616586266,0.5,0.3,Necrotic
0.763568,-1.71685,0.2785496620260172,0.5,0.3,Necrotic
-1.21258,-1.93886,0.27717617318274745,0.5,0.3,Necrotic
0.234727,-0.519199,0.27745250061775,0.5,0.3,Necrotic
-0.8598,4.05615,0.2748001449647964,0.5,0.3,Necrotic
0.406251,-0.805568,0.27773425006565106,0.5,0.3,Necrotic
-0.121423,-0.58936,0.27723052945095855,0.5,0.3,Necrotic
-3.47734,-0.556367,0.2745115895414892,0.5,0.3,Necrotic
-1.20283,-0.313982,0.276235709338605,0.5,0.3,Necrotic
0.0357124,-0.538958,0.27732105354702685,0.5,0.3,Necrotic
-1.47946,-1.05242,0.27642315455158095,0.5,0.3,Necrotic
-0.287547,-0.656786,0.27714079337457487,0.5,0.3,Necrotic
11.8868,-1.66963,0.33897902134264785,0.5,0.3,Viable tumour cell
2.32576,-7.33918,0.2817059997193496,0.5,0.3,Necrotic
-0.246123,0.153586,0.2767293428559559,0.5,0.3,Necrotic
-0.604399,-0.119199,0.2765980265908766,0.5,0.3,Necrotic
-0.504074,-0.648198,0.2769702653449154,0.5,0.3,Necrotic
-8.74741,-3.71719,0.28132488556267327,0.5,0.3,Viable tumour cell
10.0518,-15.3411,0.8078900322484418,0.5,0.3,Viable tumour cell
0.550899,-13.6643,0.40392765379759465,0.5,0.3,Viable tumour cell
-0.368945,-0.257615,0.2768564501301439,0.5,0.3,Necrotic
0.900263,-10.9751,0.3048907082983708,0.5,0.3,Viable tumour cell
-2.92672,-2.24237,0.27586709836232515,0.5,0.3,Necrotic
1.03807,-0.571609,0.27804714474247394,0.5,0.3,Necrotic
1.51179,1.38233,0.27747337813987183,0.5,0.3,Necrotic
-1.60658,-2.00004,0.2768856122317439,0.5,0.3,Necrotic
1.70448,-6.759,0.28077912900845026,0.5,0.3,Necrotic
-8.17932,0.976924,0.2767179459802022,0.5,0.3,Necrotic
-16.0571,-4.9196,0.6568932143280458,0.5,0.3,Viable tumour cell
4.86021,2.38665,0.2786096892465353,0.5,0.3,Necrotic
3.54732,9.22517,0.2884694321894752,0.5,0.3,Viable tumour cell
1.47087,-0.0732456,0.2780157828083054,0.5,0.3,Necrotic
0.232191,1.20457,0.2766307976513451,0.5,0.3,Necrotic
8.27776,-3.90157,0.2902576403721242,0.5,0.3,Necrotic
-7.71657,-3.73301,0.2732553399112189,0.5,0.3,Viable tumour cell
-0.499438,0.784052,0.2762293559447835,0.5,0.3,Necrotic
6.79052,8.394,0.2997331608320768,0.5,0.3,Viable tumour cell
6.4793,-15.1622,0.6136608538632035,0.5,0.3,Viable tumour cell
0.379309,-2.14975,0.2785426614067018,0.5,0.3,Necrotic
13.3258,5.43959,0.436632156807222,0.5,0.3,Viable tumour cell
0.376754,-0.809074,0.2777150887415275,0.5,0.3,Necrotic
4.25414,-18.1329,0.823173565357109,0.5,0.3,Viable tumour cell
-0.0775752,-0.114552,0.2770004623444269,0.5,0.3,Necrotic
0.173419,-0.0606291,0.2771529300606841,0.5,0.3,Necrotic
-0.474956,-0.103144,0.2766886059627861,0.5,0.3,Necrotic
-7.48067,3.2759,0.2700153111174889,0.5,0.3,Necrotic
-8.14665,6.91369,0.2935516053690924,0.5,0.3,Viable tumour cell
-14.7186,8.11565,0.6662740830193854,0.5,0.3,Viable tumour cell
-3.62921,-13.1677,0.41442534628716843,0.5,0.3,Viable tumour cell
-4.03354,-0.661148,0.27408582654173114,0.5,0.3,Necrotic
0.105808,-0.648669,0.27743213175015,0.5,0.3,Necrotic
-9.55755,14.6595,0.7098925567293224,0.5,0.3,Viable tumour cell
-2.74656,-0.0932749,0.27483276941669676,0.5,0.3,Necrotic
15.2156,-0.0592729,0.512304051775636,0.5,0.3,Viable tumour cell
-0.637769,-0.232508,0.27663567642517417,0.5,0.3,Necrotic
2.24108,18.2759,0.8190970554377422,0.5,0.3,Viable tumour cell
-12.3003,-10.6236,0.622705701654102,0.5,0.3,Viable tumour cell
-1.88458,11.6094,0.32506731694801394,0.5,0.3,Viable tumour cell
7.41717,14.9654,0.6263969784087546,0.5,0.3,Viable tumour cell
-0.952218,-0.0156174,0.2762726514273952,0.5,0.3,Necrotic
-7.54253,-0.615041,0.2753477912625808,0.5,0.3,Necrotic
2.79282,-2.73533,0.2809003749970613,0.5,0.3,Necrotic
-4.75741,1.68639,0.271961628640927,0.5,0.3,Necrotic
-0.873576,3.01585,0.27501864774202317,0.5,0.3,Necrotic
-6.84791,-5.88088,0.2808823115783794,0.5,0.3,Viable tumour cell
13.2342,13.6396,0.8480448786953412,0.5,0.3,Viable tumour cell
14.7809,4.8645,0.5179449395087637,0.5,0.3,Viable tumour cell
-1.27198,-0.478535,0.27627075954664115,0.5,0.3,Necrotic
15.4981,4.32272,0.5638844789151044,0.5,0.3,Viable tumour cell
0.0915603,-1.37486,0.2778444389315684,0.5,0.3,Necrotic
13.3444,-7.47833,0.5236334695186832,0.5,0.3,Viable tumour cell
-0.421179,-1.1688,0.2773314720212998,0.5,0.3,Necrotic
-0.0218746,-0.591766,0.2773080730082842,0.5,0.3,Necrotic
9.42678,-9.56034,0.4001149950734812,0.5,0.3,Viable tumour cell
0.896488,2.36934,0.27681310121336117,0.5,0.3,Necrotic
6.80455,-16.6354,0.793993611961668,0.5,0.3,Viable tumour cell
-0.0897151,-0.399074,0.2771491478120271,0.5,0.3,Necrotic
-9.7319,10.9851,0.46225484135696043,0.5,0.3,Viable tumour cell
12.5377,-4.58781,0.3977430033919324,0.5,0.3,Viable tumour cell
11.1022,6.48421,0.35669365311121914,0.5,0.3,Viable tumour cell
4.988,-3.49567,0.28393231113582634,0.5,0.3,Necrotic
-0.613481,-0.92445,0.2770398978191551,0.5,0.3,Necrotic
-0.417963,4.07098,0.2753007434637649,0.5,0.3,Necrotic
4.95066,-9.50403,0.3091238187788692,0.5,0.3,Viable tumour cell
-0.015795,0.659192,0.27668135134805144,0.5,0.3,Necrotic
3.72954,-18.7355,0.8694250027521739,0.5,0.3,Viable tumour cell
0.300142,-0.649854,0.27757185770623677,0.5,0.3,Necrotic
0.453237,-11.9198,0.33146090076421597,0.5,0.3,Viable tumour cell
2.9307,-3.26884,0.2815140679542789,0.5,0.3,Necrotic
9.46811,9.30581,0.3768127529926896,0.5,0.3,Viable tumour cell
-9.53536,1.90071,0.2871402601528796,0.5,0.3,Viable tumour cell
12.8645,11.3751,0.6476988397040426,0.5,0.3,Viable tumour cell
0.135541,-0.224586,0.277217939082977,0.5,0.3,Necrotic
2.78273,-1.22184,0.27943401171810417,0.5,0.3,Necrotic
-15.8013,-5.76636,0.6606059002401854,0.5,0.3,Viable tumour cell
-8.38053,7.80952,0.31236347442545187,0.5,0.3,Viable tumour cell
-3.719,-0.971261,0.27447989867885225,0.5,0.3,Necrotic
-0.269099,-0.778365,0.2772224218005443,0.5,0.3,Necrotic
9.45077,-12.9481,0.5660219783936014,0.5,0.3,Viable tumour cell
16.8924,-2.12047,0.6807411227343305,0.5,0.3,Viable tumour cell
0.138257,-0.116461,0.27715963862287896,0.5,0.3,Necrotic
-2.99779,2.65458,0.2727577174313165,0.5,0.3,Necrotic
-1.08419,-0.0956133,0.2762113202797138,0.5,0.3,Necrotic
0.265749,3.17257,0.27612067068468854,0.5,0.3,Necrotic
-3.54668,-6.5886,0.28056660816549567,0.5,0.3,Necrotic
1.56561,4.01185,0.2772452901607773,0.5,0.3,Necrotic
-1.58275,5.97734,0.27371127744513496,0.5,0.3,Necrotic
-0.67072,-0.467353,0.2767415614579124,0.5,0.3,Necrotic
1.47752,-1.35123,0.2788215512392751,0.5,0.3,Necrotic
7.14924,-4.83965,0.2905442309982174,0.5,0.3,Necrotic
-2.00827,0.182222,0.2752943798849181,0.5,0.3,Necrotic
14.3952,-2.48537,0.4702628766569514,0.5,0.3,Viable tumour cell
-2.27272,17.905,0.8279936654242566,0.5,0.3,Viable tumour cell
-4.64055,-8.25419,0.28964239910145706,0.5,0.3,Viable tumour cell
2.22563,2.09877,0.27771528083084607,0.5,0.3,Necrotic
3.84203,14.5585,0.4858311806794484,0.5,0.3,Viable tumour cell
-0.0111524,-0.50958,0.27727064806614815,0.5,0.3,Necrotic
0.101648,-0.78595,0.27750537925470276,0.5,0.3,Necrotic
-0.835535,-3.99543,0.2788463654466856,0.5,0.3,Necrotic
-0.482461,-0.683071,0.2770061739582939,0.5,0.3,Necrotic
0.236896,-0.39683,0.2773861078415559,0.5,0.3,Necrotic
-6.62494,13.6894,0.49856202265186156,0.5,0.3,Viable tumour cell
2.67739,4.53887,0.27821008411176806,0.5,0.3,Necrotic
-7.54038,1.60682,0.27359031557755437,0.5,0.3,Necrotic
10.7586,-4.22539,0.3289606826774727,0.5,0.3,Viable tumour cell
0.180052,-0.578026,0.2774460377398701,0.5,0.3,Necrotic
1.02201,4.47038,0.2768623896662421,0.5,0.3,Necrotic
-2.47047,8.04367,0.27248210024575187,0.5,0.3,Necrotic
-0.682265,-0.380482,0.27668414061140045,0.5,0.3,Necrotic
5.11672,6.40051,0.2800709912994272,0.5,0.3,Necrotic
-11.0752,-9.38671,0.479388946229967,0.5,0.3,Viable tumour cell
-17.4414,3.71743,0.7676375959695109,0.5,0.3,Viable tumour cell
-0.315098,-0.526636,0.27704743663033693,0.5,0.3,Necrotic
2.60087,-17.2635,0.6817288477361849,0.5,0.3,Viable tumour cell
-2.93687,-0.575432,0.2749300503802212,0.5,0.3,Necrotic
5.36707,-5.17486,0.28819503913835215,0.5,0.3,Necrotic
0.173129,-0.496498,0.2773958155900504,0.5,0.3,Necrotic
10.1742,9.68315,0.4111454102014189,0.5,0.3,Viable tumour cell
16.3395,4.77017,0.6519629725796843,0.5,0.3,Viable tumour cell
-3.45277,2.89145,0.271998824684298,0.5,0.3,Necrotic
-2.84928,5.54464,0.27175212346782673,0.5,0.3,Necrotic
-1.44165,-10.4972,0.3049785735794041,0.5,0.3,Viable tumour cell
7.28984,-7.41596,0.30831824443008116,0.5,0.3,Viable tumour cell
-0.354775,-0.330811,0.2769082478005813,0.5,0.3,Necrotic
-14.1,5.84115,0.5208503258849455,0.5,0.3,Viable tumour cell
0.224887,-0.483608,0.27742569772768033,0.5,0.3,Necrotic
0.469417,0.51872,0.2771018185324179,0.5,0.3,Necrotic
-16.0564,-1.54506,0.6095372645068585,0.5,0.3,Viable tumour cell
11.0302,-6.7048,0.37700518547719436,0.5,0.3,Viable tumour cell
-1.80088,1.27172,0.2748633280515417,0.5,0.3,Necrotic
-15.6854,0.599033,0.5654129817485369,0.5,0.3,Viable tumour cell
-2.23157,-4.22193,0.2781099793325237,0.5,0.3,Necrotic
-0.767033,-0.623306,0.2767546319228691,0.5,0.3,Necrotic
0.158381,-1.1304,0.2777439388279336,0.5,0.3,Necrotic
-3.00516,-16.9983,0.6851263594593257,0.5,0.3,Viable tumour cell
13.9839,-10.6974,0.7374170793904293,0.5,0.3,Viable tumour cell
12.9504,7.87439,0.48103170870899836,0.5,0.3,Viable tumour cell
12.6611,2.54149,0.3673714228734323,0.5,0.3,Viable tumour cell
1.15917,-0.232027,0.2779253298973643,0.5,0.3,Necrotic
-0.692077,1.36056,0.27583301466832255,0.5,0.3,Necrotic
-12.5551,-6.29916,0.4472676699723311,0.5,0.3,Viable tumour cell
13.6292,2.36514,0.41363697503906743,0.5,0.3,Viable tumour cell
2.51548,0.141149,0.27843521458160103,0.5,0.3,Necrotic
0.589001,-0.677474,0.2777939057306713,0.5,0.3,Necrotic
-4.83679,-5.01575,0.27656784234654447,0.5,0.3,Necrotic
-14.2541,3.76439,0.4804907129496966,0.5,0.3,Viable tumour cell
-0.353268,-0.184281,0.2768275296625023,0.5,0.3,Necrotic
3.16355,2.89363,0.27816327517304223,0.5,0.3,Necrotic
-0.464698,-0.352491,0.2768358236457702,0.5,0.3,Necrotic
7.81857,3.38545,0.28223558476957644,0.5,0.3,Necrotic
-9.96047,4.18705,0.30088038112327,0.5,0.3,Viable tumour cell
10.8487,-1.83248,0.30949793246995805,0.5,0.3,Viable tumour cell
1.57011,-7.64135,0.27920705276575253,0.5,0.3,Necrotic
0.196667,-0.529797,0.2774311490158906,0.5,0.3,Necrotic
0.122486,-0.190528,0.2771896867337479,0.5,0.3,Necrotic
1.14117,-0.775622,0.27822195622226603,0.5,0.3,Necrotic
-14.3157,0.0980649,0.45932312734720476,0.5,0.3,Viable tumour cell
0.371343,2.67077,0.276319085507567,0.5,0.3,Necrotic
0.110555,-1.33565,0.2778342432299288,0.5,0.3,Necrotic
0.0395833,-0.575528,0.27734412909750317,0.5,0.3,Necrotic
-3.00822,14.3678,0.47113216720600043,0.5,0.3,Viable tumour cell
-0.506327,-0.0069959,0.2766107543387025,0.5,0.3,Necrotic
-3.89771,-1.53747,0.27451867854232304,0.5,0.3,Necrotic
-14.3065,-7.90051,0.629030800299234,0.5,0.3,Viable tumour cell
10.1999,-1.05547,0.2927635704045612,0.5,0.3,Viable tumour cell
-0.331148,-0.51275,0.27702743962781773,0.5,0.3,Necrotic
-4.44669,-1.93442,0.27401943105197496,0.5,0.3,Necrotic
0.290243,-0.231288,0.27733180376592753,0.5,0.3,Necrotic
-3.58656,11.8914,0.34774741621782157,0.5,0.3,Viable tumour cell
18.5375,-1.96836,0.8761376675108983,0.5,0.3,Viable tumour cell
10.589,-8.35115,0.40456829939342864,0.5,0.3,Viable tumour cell
-0.65544,-1.01472,0.2770586587276673,0.5,0.3,Necrotic
0.834036,-3.73099,0.27988605390153876,0.5,0.3,Necrotic
0.39177,-0.854768,0.2777512053865294,0.5,0.3,Necrotic
0.0341511,-0.502469,0.27729967638690317,0.5,0.3,Necrotic
4.40453,3.96733,0.2790574094456282,0.5,0.3,Necrotic
-1.48654,-0.745658,0.2762437460670204,0.5,0.3,Necrotic
-10.8121,-6.46848,0.36762279219857197,0.5,0.3,Viable tumour cell
0.144952,-0.699121,0.27748815678476535,0.5,0.3,Necrotic
7.77249,7.14205,0.29745356820802227,0.5,0.3,Viable tumour cell
0.791751,3.16382,0.2765864494147262,0.5,0.3,Necrotic
-0.317888,-0.61224,0.2770928321804855,0.5,0.3,Necrotic
0.169949,-0.303244,0.27728623699992105,0.5,0.3,Necrotic
0.277994,-0.229977,0.27732241535668883,0.5,0.3,Necrotic
1.5382,2.60245,0.2772175398654042,0.5,0.3,Necrotic
1.52516,17.8605,0.7853274176395751,0.5,0.3,Viable tumour cell
-5.51428,0.496569,0.2729948210132791,0.5,0.3,Necrotic
-7.82858,11.4134,0.4104677865340447,0.5,0.3,Viable tumour cell
0.0426893,-0.44411,0.27727338252271644,0.5,0.3,Necrotic
-3.60512,-2.15155,0.2751015462921853,0.5,0.3,Necrotic
0.528828,-0.70464,0.27776592894137025,0.5,0.3,Necrotic
0.152195,-0.0617296,0.27713856662918107,0.5,0.3,Necrotic
0.164456,-0.698645,0.27750185002812267,0.5,0.3,Necrotic
0.181711,-0.625333,0.2774734918619606,0.5,0.3,Necrotic
-16.2068,-8.47238,0.8388587852847104,0.5,0.3,Viable tumour cell
-1.40196,-4.61913,0.27891758318982196,0.5,0.3,Necrotic
0.0259084,-0.692706,0.2773994054498179,0.5,0.3,Necrotic
1.90528,2.2889,0.2775118562918361,0.5,0.3,Necrotic
-6.69717,-2.28144,0.2708989591150325,0.5,0.3,Viable tumour cell
-9.2825,-7.34385,0.3410223564190124,0.5,0.3,Viable tumour cell
0.104919,-0.257221,0.27721414648857906,0.5,0.3,Necrotic
0.835344,-1.06335,0.27818770714274843,0.5,0.3,Necrotic
-11.151,10.8347,0.5259029032061441,0.5,0.3,Viable tumour cell
-10.7976,12.3116,0.6004874983908786,0.5,0.3,Viable tumour cell
-1.17902,-3.02746,0.2779227239199083,0.5,0.3,Necrotic
-0.143404,-0.464955,0.2771446268634404,0.5,0.3,Necrotic
7.66151,5.37326,0.28698250495274413,0.5,0.3,Necrotic
0.190038,-0.618073,0.27747541944618237,0.5,0.3,Necrotic
3.18398,-2.75247,0.28114841517579825,0.5,0.3,Necrotic
1.64541,9.91176,0.2894490485756521,0.5,0.3,Viable tumour cell
0.0168677,-0.500227,0.2772860628036285,0.5,0.3,Necrotic
0.337688,-1.85433,0.2783181926220559,0.5,0.3,Necrotic
0.441136,-10.2872,0.29406799871263267,0.5,0.3,Viable tumour cell
0.536797,0.248094,0.2772678174956428,0.5,0.3,Necrotic
0.334063,0.0172613,0.2772246337128108,0.5,0.3,Necrotic
5.13486,9.30789,0.29864408690591915,0.5,0.3,Viable tumour cell
0.197354,-0.497104,0.2774134873984751,0.5,0.3,Necrotic
-17.0139,-3.9585,0.739168900854031,0.5,0.3,Viable tumour cell
12.5933,5.31808,0.39617196154834833,0.5,0.3,Viable tumour cell
2.15182,17.2893,0.7071536850530247,0.5,0.3,Viable tumour cell
0.21859,-0.519691,0.2774412263424225,0.5,0.3,Necrotic
-0.018958,-0.614035,0.27732267024190055,0.5,0.3,Necrotic
-0.0459179,-0.550671,0.277266849173862,0.5,0.3,Necrotic
3.24843,-15.105,0.5060528104894799,0.5,0.3,Viable tumour cell
-7.80143,-11.1319,0.4189165268813893,0.5,0.3,Viable tumour cell
-2.55764,-4.77789,0.27843514057399554,0.5,0.3,Necrotic
0.293353,-0.666221,0.2775760871541916,0.5,0.3,Necrotic
-0.581748,-0.820624,0.27700654153493504,0.5,0.3,Necrotic
-5.52913,-3.40422,0.27279131432994896,0.5,0.3,Necrotic
0.666934,-0.790116,0.2779122197763005,0.5,0.3,Necrotic
6.31314,4.10461,0.2807230406371103,0.5,0.3,Necrotic
5.18453,-17.6155,0.8020103345650729,0.5,0.3,Viable tumour cell
8.46988,7.77292,0.31554539848572083,0.5,0.3,Viable tumour cell
2.66786,2.19732,0.27793148763542463,0.5,0.3,Necrotic
0.142664,0.0856523,0.2770598824613639,0.5,0.3,Necrotic
6.48556,-1.72136,0.27980031055133603,0.5,0.3,Necrotic
-15.1147,-7.27213,0.6657771106558856,0.5,0.3,Viable tumour cell
-10.4073,-1.64979,0.3004895051523961,0.5,0.3,Viable tumour cell
-7.06675,2.30335,0.2708388271297308,0.5,0.3,Necrotic
1.22133,13.6113,0.405812481110682,0.5,0.3,Viable tumour cell
-0.0169252,-0.485496,0.27725285610111144,0.5,0.3,Necrotic
1.67711,-5.19965,0.2813852886533079,0.5,0.3,Necrotic
-0.515286,-0.140982,0.27667873209941085,0.5,0.3,Necrotic
1.99038,13.9406,0.4263059545723644,0.5,0.3,Viable tumour cell
0.00534024,-0.261345,0.27714517589422366,0.5,0.3,Necrotic
1.88587,3.01879,0.2774434848895414,0.5,0.3,Necrotic
-0.0757471,-0.710441,0.2773327251161547,0.5,0.3,Necrotic
-0.461801,-0.377713,0.27685214538196967,0.5,0.3,Necrotic
-0.499112,-0.596562,0.276945394129466,0.5,0.3,Necrotic
0.514528,-0.650673,0.2777257304000999,0.5,0.3,Necrotic
-8.20398,-2.92961,0.2745556850341764,0.5,0.3,Viable tumour cell
-2.13146,-4.589,0.2785362047302121,0.5,0.3,Necrotic
0.378758,-0.757003,0.2776876105258828,0.5,0.3,Necrotic
-3.31629,4.83348,0.2709988874916148,0.5,0.3,Necrotic
0.968665,0.337851,0.27753386901306,0.5,0.3,Necrotic
-3.72916,1.1677,0.2732190250564267,0.5,0.3,Necrotic
-1.78505,17.1198,0.7173020127454811,0.5,0.3,Viable tumour cell
5.13237,-13.4298,0.44402801717690016,0.5,0.3,Viable tumour cell
4.70074,-4.51052,0.2856505481549443,0.5,0.3,Necrotic
0.310598,0.291356,0.27708937691250546,0.5,0.3,Necrotic
-6.55627,-5.02834,0.2750275351334815,0.5,0.3,Viable tumour cell
1.91898,13.1356,0.38564230171639596,0.5,0.3,Viable tumour cell
0.403775,-1.61334,0.2782131505300469,0.5,0.3,Necrotic
-0.48814,-5.50019,0.27978067582576577,0.5,0.3,Necrotic
-0.645975,3.51472,0.27516795027160545,0.5,0.3,Necrotic
-2.8064,2.11825,0.27335197316011306,0.5,0.3,Necrotic
-1.62753,-0.692206,0.2760979658903498,0.5,0.3,Necrotic
0.202798,-0.548137,0.27744571956831454,0.5,0.3,Necrotic
-0.111554,-0.425094,0.2771468769671558,0.5,0.3,Necrotic
0.544004,-0.6019,0.2777197430926406,0.5,0.3,Necrotic
0.0344004,-0.176673,0.27711895864772074,0.5,0.3,Necrotic
-0.989199,-0.421639,0.2764710852114303,0.5,0.3,Necrotic
0.440359,-0.749786,0.27772768613246307,0.5,0.3,Necrotic
0.0436185,-0.617089,0.27737009348072256,0.5,0.3,Necrotic
9.5062,13.063,0.5573385103445531,0.5,0.3,Viable tumour cell
-0.0268764,-1.02498,0.2775460687041109,0.5,0.3,Necrotic
-7.76116,0.368336,0.27579640480629825,0.5,0.3,Necrotic
0.375892,-0.0607815,0.27729597180497106,0.5,0.3,Necrotic
-0.72228,-0.45968,0.2766976201897045,0.5,0.3,Necrotic
0.17353,-0.510132,0.2774036726583002,0.5,0.3,Necrotic
-0.42864,-0.688337,0.2770502993114022,0.5,0.3,Necrotic
5.09308,5.51854,0.2796654609668705,0.5,0.3,Necrotic
-8.37912,13.726,0.5648733444413881,0.5,0.3,Viable tumour cell
-0.313657,-12.069,0.33791413619831917,0.5,0.3,Viable tumour cell
0.0387588,-0.55867,0.2773341789259368,0.5,0.3,Necrotic
-0.192784,-0.420527,0.27708215621785226,0.5,0.3,Necrotic
-0.493671,-0.335908,0.2768042758172101,0.5,0.3,Necrotic
1.88602,2.56679,0.27747598420684316,0.5,0.3,Necrotic
-0.166205,-1.31635,0.2776161788614959,0.5,0.3,Necrotic
1.91554,-2.2801,0.27977621788285456,0.5,0.3,Necrotic
1.07859,0.407335,0.2775713253065325,0.5,0.3,Necrotic
-0.649628,-0.4141,0.27672802556046655,0.5,0.3,Necrotic
5.21691,14.6484,0.5188897791680683,0.5,0.3,Viable tumour cell
-6.34467,6.39786,0.270107206678463,0.5,0.3,Viable tumour cell
-0.183475,-0.360827,0.27705613486125313,0.5,0.3,Necrotic
0.0540685,-0.520859,0.2773241403444717,0.5,0.3,Necrotic
1.57342,-11.8469,0.330571300893027,0.5,0.3,Viable tumour cell
1.39112,1.00359,0.27749829098717027,0.5,0.3,Necrotic
0.463994,-0.473128,0.2775909867297609,0.5,0.3,Necrotic
0.141556,0.17573,0.2770192365752705,0.5,0.3,Necrotic
-1.37926,-1.11425,0.27654223342006756,0.5,0.3,Necrotic
10.3214,15.6163,0.8414148197182605,0.5,0.3,Viable tumour cell
-0.131707,-0.169322,0.27698943323475633,0.5,0.3,Necrotic
-1.23996,-1.29645,0.2767654986207177,0.5,0.3,Necrotic
-5.09587,-4.24129,0.27484443675781006,0.5,0.3,Necrotic
0.654762,-0.500589,0.27774127553571964,0.5,0.3,Necrotic
-0.466148,0.296465,0.2764879246062041,0.5,0.3,Necrotic
-9.23196,8.25,0.34307037023461445,0.5,0.3,Viable tumour cell
0.53681,-0.316082,0.2775537841766904,0.5,0.3,Necrotic
-0.191514,-0.552305,0.2771562975028029,0.5,0.3,Necrotic
-0.288457,-0.512151,0.2770597886963866,0.5,0.3,Necrotic
-2.14785,-15.4661,0.535620309717588,0.5,0.3,Viable tumour cell
10.1576,13.1664,0.5969020239181706,0.5,0.3,Viable tumour cell
-0.0173274,-5.58517,0.2799921290074135,0.5,0.3,Necrotic
0.029189,-0.49525,0.27729211696729156,0.5,0.3,Necrotic
0.569588,-0.0382404,0.27741999810541346,0.5,0.3,Necrotic
0.217824,-1.24467,0.27785580431086454,0.5,0.3,Necrotic
9.15989,2.54896,0.2836901972390765,0.5,0.3,Viable tumour cell
0.131663,-0.197578,0.2772001690121074,0.5,0.3,Necrotic
1.20724,-0.245671,0.2779608189283143,0.5,0.3,Necrotic
-0.0513606,0.0359314,0.2769385865015909,0.5,0.3,Necrotic
-1.97358,-0.416934,0.2756594736051653,0.5,0.3,Necrotic
-0.696663,-0.386491,0.2766764255131936,0.5,0.3,Necrotic
-8.45214,5.95798,0.2866849164314318,0.5,0.3,Viable tumour cell
-0.495389,-0.432913,0.276857157465353,0.5,0.3,Necrotic
1.06114,-16.0787,0.5655350099824036,0.5,0.3,Viable tumour cell
0.0596629,-0.48496,0.27730821120468463,0.5,0.3,Necrotic
-6.99709,-12.7075,0.47217310941028723,0.5,0.3,Viable tumour cell
-0.13894,-0.59513,0.27722032325798523,0.5,0.3,Necrotic
-0.189101,-0.519714,0.2771400482902365,0.5,0.3,Necrotic
0.156197,-0.607488,0.27744532564916374,0.5,0.3,Necrotic
-9.99584,-15.4094,0.867581852947928,0.5,0.3,Viable tumour cell
0.147191,-0.879766,0.27759006105570383,0.5,0.3,Necrotic
0.586255,-1.28379,0.27814319630310114,0.5,0.3,Necrotic
0.412905,3.28907,0.27623612777435363,0.5,0.3,Necrotic
5.39599,12.0879,0.3789139676772143,0.5,0.3,Viable tumour cell
-5.38476,15.1227,0.571547783161305,0.5,0.3,Viable tumour cell
4.59717,-15.175,0.5430931124243596,0.5,0.3,Viable tumour cell
-9.12662,-10.1358,0.4259843850505497,0.5,0.3,Viable tumour cell
0.386734,14.2233,0.4401473492712559,0.5,0.3,Viable tumour cell
0.00180882,-0.466429,0.2772565205039876,0.5,0.3,Necrotic
0.432147,-0.760157,0.2777275676221205,0.5,0.3,Necrotic
1.23,-0.0236532,0.27784856906201466,0.5,0.3,Necrotic
0.134249,-0.627361,0.27744065320027034,0.5,0.3,Necrotic
0.177799,-0.533325,0.2774196051888944,0.5,0.3,Necrotic
5.61767,-1.93406,0.2809031431426924,0.5,0.3,Necrotic
0.38785,-0.346429,0.277465752242256,0.5,0.3,Necrotic
-0.266426,-0.529865,0.0,0.5,0.3,Necrotic
10.5311,12.3405,0.559704177305118,0.5,0.3,Viable tumour cell
6.4042,0.482192,0.27723369001320697,0.5,0.3,Necrotic
-1.06996,-5.7113,0.27999227884925126,0.5,0.3,Necrotic
-2.41293,1.35818,0.2742713111477132,0.5,0.3,Necrotic
-0.31381,-0.540083,0.27705588954039184,0.5,0.3,Necrotic
-0.0535246,-0.519083,0.2772434867943532,0.5,0.3,Necrotic
-0.0242689,-0.534885,0.2772746569246385,0.5,0.3,Necrotic
0.271849,-0.696134,0.277577307506594,0.5,0.3,Necrotic
-0.153299,-0.448519,0.2771279261248571,0.5,0.3,Necrotic
1.03139,0.0999341,0.2776771553351536,0.5,0.3,Necrotic
1.96524,-2.79017,0.28022594143378593,0.5,0.3,Necrotic
-0.00439955,-0.585104,0.2773177514710087,0.5,0.3,Necrotic
-8.97203,2.57708,0.2806412794467728,0.5,0.3,Necrotic
0.255799,-0.571606,0.2774966786535091,0.5,0.3,Necrotic
-0.23062,-2.76803,0.2784735175455614,0.5,0.3,Necrotic
2.66974,1.26337,0.27806935519338166,0.5,0.3,Necrotic
-0.46938,-1.38734,0.2774271562147149,0.5,0.3,Necrotic
-4.03681,-2.73425,0.2749187076802766,0.5,0.3,Necrotic
0.223703,0.537833,0.27691340586550356,0.5,0.3,Necrotic
0.162767,-0.0512752,0.27714012624261863,0.5,0.3,Necrotic
1.13058,-0.787593,0.278222597597994,0.5,0.3,Necrotic
0.137852,-0.514369,0.2773804936937394,0.5,0.3,Necrotic
13.1611,-0.62322,0.3847151003181959,0.5,0.3,Viable tumour cell
1.47599,2.40005,0.2771984895338828,0.5,0.3,Necrotic
0.153327,-0.473038,0.2773686193038777,0.5,0.3,Necrotic
1.01941,-1.5561,0.27863786091678344,0.5,0.3,Necrotic
1.90601,-11.006,0.30971652702335006,0.5,0.3,Viable tumour cell
0.0314399,0.146958,0.2769519051088712,0.5,0.3,Necrotic
0.117972,-0.441582,0.27732585232534473,0.5,0.3,Necrotic
1.79945,0.069665,0.27813414043899864,0.5,0.3,Necrotic
3.24269,11.9035,0.3444161561552205,0.5,0.3,Viable tumour cell
0.210165,-0.561493,0.2774584069654876,0.5,0.3,Necrotic
0.417944,-0.805056,0.2777423337567688,0.5,0.3,Necrotic
-1.54028,-0.258137,0.2759268174434294,0.5,0.3,Necrotic
-0.991454,-0.17419,0.2763310827886198,0.5,0.3,Necrotic
3.59526,0.0510285,0.27877393113615184,0.5,0.3,Necrotic
-5.65353,15.8365,0.64584521032562,0.5,0.3,Viable tumour cell
-0.431694,-0.581249,0.2769885019193318,0.5,0.3,Necrotic
-0.0583422,-0.495344,0.27722661822181205,0.5,0.3,Necrotic
12.2582,1.49602,0.34622417810643524,0.5,0.3,Viable tumour cell
-0.590878,-1.27221,0.277264295807413,0.5,0.3,Necrotic
-0.409654,-0.32678,0.2768637899881099,0.5,0.3,Necrotic
-0.72893,-0.441799,0.2766825146457289,0.5,0.3,Necrotic
-2.14545,-0.863956,0.2757627850698574,0.5,0.3,Necrotic
-0.00887235,-0.349777,0.27718366397035216,0.5,0.3,Necrotic
-1.38946,-0.22789,0.276034024522601,0.5,0.3,Necrotic
-0.591469,-0.413204,0.27677225329733146,0.5,0.3,Necrotic
-0.0247222,-0.33023,0.2771606768318954,0.5,0.3,Necrotic
6.8669,-0.85683,0.2773460021841305,0.5,0.3,Necrotic
0.14997,-0.232176,0.27723247976498144,0.5,0.3,Necrotic
0.574445,-0.712177,0.2778027577378402,0.5,0.3,Necrotic
0.555202,-0.411579,0.2776207078054888,0.5,0.3,Necrotic
-0.8019,0.150428,0.2763035096868233,0.5,0.3,Necrotic
0.373539,-0.692198,0.27764789331621753,0.5,0.3,Necrotic
-10.0623,-6.16711,0.33479116451921526,0.5,0.3,Viable tumour cell
0.161626,0.832786,0.2767328894343864,0.5,0.3,Necrotic
-0.768881,-0.118422,0.2764710947264415,0.5,0.3,Necrotic
-11.8445,-7.74741,0.4534479891371223,0.5,0.3,Viable tumour cell
0.149526,-0.200936,0.27721481601662407,0.5,0.3,Necrotic
0.118884,0.551817,0.2768303606493866,0.5,0.3,Necrotic
0.438341,-0.606032,0.27764642317389976,0.5,0.3,Necrotic
0.493188,0.122766,0.2772912975196047,0.5,0.3,Necrotic
0.375452,-0.729499,0.27766997297950896,0.5,0.3,Necrotic
0.654653,-0.469821,0.27772382017310143,0.5,0.3,Necrotic
-1.33454,10.228,0.2903683984260286,0.5,0.3,Viable tumour cell
0.474744,-0.782935,0.2777706982375803,0.5,0.3,Necrotic
0.757447,0.0864426,0.2774936047493313,0.5,0.3,Necrotic
-0.421399,-0.481986,0.2769412677404659,0.5,0.3,Necrotic
-0.223582,-0.751792,0.27724251240211245,0.5,0.3,Necrotic
-0.189238,-0.573566,0.27716984473135725,0.5,0.3,Necrotic
-0.526677,-0.707086,0.2769856592618327,0.5,0.3,Necrotic
0.247417,-0.237703,0.277305189869489,0.5,0.3,Necrotic
0.0356343,-0.538919,0.27732097611386974,0.5,0.3,Necrotic
-0.15714,-0.171796,0.27697133675924646,0.5,0.3,Necrotic
0.461251,-0.84759,0.2777969413852053,0.5,0.3,Necrotic
0.135074,-0.725831,0.27749591855927935,0.5,0.3,Necrotic
-0.507422,0.269876,0.27646961900728284,0.5,0.3,Necrotic
-0.78452,0.848846,0.2759669625109094,0.5,0.3,Necrotic
-15.7503,-2.52495,0.5911673491799763,0.5,0.3,Viable tumour cell
-0.195884,-0.523778,0.2771371129099166,0.5,0.3,Necrotic
-0.615102,-0.676891,0.2769012010094537,0.5,0.3,Necrotic
4.02674,-16.3256,0.619883551266033,0.5,0.3,Viable tumour cell
-0.393008,2.67172,0.2755918225191223,0.5,0.3,Necrotic
0.22834,-0.525764,0.2774515752014456,0.5,0.3,Necrotic
0.108669,-0.473577,0.2773369600619204,0.5,0.3,Necrotic
0.0535054,-0.494947,0.2773093497279094,0.5,0.3,Necrotic
-9.34174,-0.265352,0.2855562882319684,0.5,0.3,Necrotic
1.07456,-1.05969,0.27835726818593465,0.5,0.3,Necrotic
0.107049,-0.539062,0.27737216071849424,0.5,0.3,Necrotic
4.50328,9.77976,0.3006768041958375,0.5,0.3,Viable tumour cell
4.54455,10.6964,0.3220183562572617,0.5,0.3,Viable tumour cell
-0.217974,-9.43994,0.28616713607031896,0.5,0.3,Viable tumour cell
-0.180311,-0.633184,0.27720978133297053,0.5,0.3,Necrotic
6.21513,-4.95598,0.28920636723626864,0.5,0.3,Necrotic
0.810384,0.369287,0.2774085029994315,0.5,0.3,Necrotic
-0.369154,-0.218487,0.27683442538675207,0.5,0.3,Necrotic
-0.639617,-1.27603,0.27722930470123786,0.5,0.3,Necrotic
-0.624118,0.27191,0.27637884410076136,0.5,0.3,Necrotic
0.0383686,-0.263094,0.2771697826772722,0.5,0.3,Necrotic
-0.582542,-0.395868,0.27676943184722397,0.5,0.3,Necrotic
1.4444,2.55743,0.277152112565726,0.5,0.3,Necrotic
16.3949,-7.97444,0.836271004722527,0.5,0.3,Viable tumour cell
1.31147,2.60104,0.27705866197383455,0.5,0.3,Necrotic
3.85988,3.36127,0.27860234617631097,0.5,0.3,Necrotic
1.111,2.40277,0.2769617487389615,0.5,0.3,Necrotic
3.2902,-4.98474,0.2838534442253511,0.5,0.3,Necrotic
-0.424042,-0.396571,0.2768917212693603,0.5,0.3,Necrotic
0.274373,-0.597691,0.2775244542452115,0.5,0.3,Necrotic
-0.3305,-1.14257,0.27738497704899084,0.5,0.3,Necrotic
-2.56727,2.83356,0.27313137765724993,0.5,0.3,Necrotic
0.0675702,-0.564074,0.277357797115046,0.5,0.3,Necrotic
0.605044,-1.69019,0.27841355089873554,0.5,0.3,Necrotic
-1.42913,-1.46595,0.27671060650916046,0.5,0.3,Necrotic
-0.303047,-0.460065,0.2770196993318621,0.5,0.3,Necrotic
0.0775537,-0.0137972,0.277058793781898,0.5,0.3,Necrotic
1.49982,2.36275,0.2772201009656706,0.5,0.3,Necrotic
-0.699254,-0.110312,0.2765201106470887,0.5,0.3,Necrotic
0.20835,10.1051,0.2885531392079505,0.5,0.3,Viable tumour cell
-0.301059,-1.53737,0.27764703844809147,0.5,0.3,Necrotic
-12.9799,-9.96441,0.6340163225185176,0.5,0.3,Viable tumour cell
-7.93916,4.01991,0.2710543378640127,0.5,0.3,Viable tumour cell
-0.00145159,-0.834345,0.27745839768784747,0.5,0.3,Necrotic
-0.145274,-0.0150501,0.276892929064635,0.5,0.3,Necrotic
-0.585275,-0.540425,0.2768481044209345,0.5,0.3,Necrotic
0.184256,0.118431,0.2770750542714115,0.5,0.3,Necrotic
0.135305,-0.53605,0.2773907088527638,0.5,0.3,Necrotic
-9.50373,-11.7089,0.5237583413049843,0.5,0.3,Viable tumour cell
-1.77901,-0.661357,0.2759562285123156,0.5,0.3,Necrotic
1.46676,-4.78671,0.2809885039229392,0.5,0.3,Necrotic
-1.44656,9.3416,0.2797893507272538,0.5,0.3,Viable tumour cell
0.501992,-3.62654,0.27956399227363915,0.5,0.3,Necrotic
-0.171609,-1.12283,0.277494634651768,0.5,0.3,Necrotic
-12.4089,-4.51428,0.39797827731747293,0.5,0.3,Viable tumour cell
-0.662795,-0.449083,0.27673744705360487,0.5,0.3,Necrotic
0.364222,-0.0926031,0.27730570505713853,0.5,0.3,Necrotic
0.111905,-0.511689,0.277360437184073,0.5,0.3,Necrotic
4.27479,5.18633,0.2793554883849162,0.5,0.3,Necrotic
-1.50623,-3.52651,0.27806175829299734,0.5,0.3,Necrotic
-0.513045,0.650484,0.2762794413554898,0.5,0.3,Necrotic
-0.416439,-0.235711,0.27680768412310014,0.5,0.3,Necrotic
-3.73418,-11.6097,0.35273939848896296,0.5,0.3,Viable tumour cell
0.0348113,-0.792819,0.2774613636974548,0.5,0.3,Necrotic
0.470733,-0.774479,0.2777631326621129,0.5,0.3,Necrotic
0.0239769,-0.687388,0.2773950704231958,0.5,0.3,Necrotic
0.0292423,-0.394345,0.2772361284895692,0.5,0.3,Necrotic
-13.6141,10.0802,0.6601657077783182,0.5,0.3,Viable tumour cell
-1.05393,2.3597,0.275076587217763,0.5,0.3,Necrotic
0.100937,-0.0972003,0.2771224103074693,0.5,0.3,Necrotic
-0.541477,-0.187463,0.2766845620090292,0.5,0.3,Necrotic
1.4883,-0.629506,0.2783445756920354,0.5,0.3,Necrotic
-0.673941,-0.235732,0.27660965960811323,0.5,0.3,Necrotic
-0.453359,-0.78129,0.27708298776335183,0.5,0.3,Necrotic
13.5448,-6.36435,0.49797166182755603,0.5,0.3,Viable tumour cell
1.69741,-1.10479,0.2787746041882726,0.5,0.3,Necrotic
-0.299826,7.26535,0.27599363592963655,0.5,0.3,Necrotic
10.788,-7.29051,0.3818335398433262,0.5,0.3,Viable tumour cell
-0.931707,-0.402692,0.27650471288711503,0.5,0.3,Necrotic
-0.048917,-0.272039,0.27710984457201704,0.5,0.3,Necrotic
-0.106789,-0.91347,0.2774216917202016,0.5,0.3,Necrotic
14.3035,8.75641,0.617913703324223,0.5,0.3,Viable tumour cell
-9.83152,7.86091,0.35225020350699965,0.5,0.3,Viable tumour cell
-0.334318,0.317636,0.27657861178355936,0.5,0.3,Necrotic
0.529761,-0.359819,0.2775735103859849,0.5,0.3,Necrotic
-1.05396,-2.53081,0.27769256995109937,0.5,0.3,Necrotic
-11.3315,5.38911,0.3583799420197354,0.5,0.3,Viable tumour cell
1.39348,2.14102,0.2771880175964163,0.5,0.3,Necrotic
1.17235,4.59085,0.27700472316936586,0.5,0.3,Necrotic
8.29911,-1.3549,0.27799715569907824,0.5,0.3,Viable tumour cell
-1.27565,-0.231258,0.2761295678285567,0.5,0.3,Necrotic
-5.15664,1.09023,0.2724729801955173,0.5,0.3,Necrotic
0.372665,-0.442832,0.2775088092402054,0.5,0.3,Necrotic
-0.0592476,-0.0820129,0.2769964254528601,0.5,0.3,Necrotic
-2.69641,-6.32277,0.2806751902088704,0.5,0.3,Necrotic
0.599425,-1.38855,0.27821617518043523,0.5,0.3,Necrotic
0.118845,-16.1362,0.5707940473133303,0.5,0.3,Viable tumour cell
-0.290434,-0.421798,0.2770081068990552,0.5,0.3,Necrotic
3.26179,16.9745,0.6735194321606313,0.5,0.3,Viable tumour cell
-2.61763,0.529158,0.2745615260138147,0.5,0.3,Necrotic
-0.199527,-0.552355,0.27715019071700475,0.5,0.3,Necrotic
-0.359567,-1.70798,0.2777055629345921,0.5,0.3,Necrotic
0.511949,-1.10345,0.27798060879123365,0.5,0.3,Necrotic
-0.16859,-0.380021,0.2770781868918605,0.5,0.3,Necrotic
-0.0800282,-0.0977513,0.2769892558297833,0.5,0.3,Necrotic
12.043,-10.0819,0.5432141657892431,0.5,0.3,Viable tumour cell
-3.46746,-2.80095,0.27563969910799246,0.5,0.3,Necrotic
-9.19029,1.14688,0.2824237973753022,0.5,0.3,Necrotic
-0.353854,-0.466269,0.27698424957780016,0.5,0.3,Necrotic
-0.00855027,-0.541247,0.27729022256360414,0.5,0.3,Necrotic
-1.51007,0.0989489,0.27575743213483683,0.5,0.3,Necrotic
1.5175,0.29043,0.2778756007476042,0.5,0.3,Necrotic
0.590768,0.443856,0.27722115378597145,0.5,0.3,Necrotic
-0.0234655,-0.254346,0.27711950463927926,0.5,0.3,Necrotic
0.0460216,-3.0479,0.27885852381627835,0.5,0.3,Necrotic
0.0258049,-0.718509,0.2774136581791247,0.5,0.3,Necrotic
-0.881119,-1.90142,0.27742161147009925,0.5,0.3,Necrotic
0.340516,-0.107474,0.27729736699059715,0.5,0.3,Necrotic
2.0898,3.41976,0.2776107309670656,0.5,0.3,Necrotic
-12.1047,9.68615,0.5244277816091119,0.5,0.3,Viable tumour cell
-0.0301706,-2.18985,0.2782562355909557,0.5,0.3,Necrotic
-2.38466,-3.78059,0.2775248665064998,0.5,0.3,Necrotic
-0.290374,0.0607246,0.27674223978026213,0.5,0.3,Necrotic
0.983951,0.833335,0.2773301056289524,0.5,0.3,Necrotic
-0.101673,-0.583382,0.27724232918425956,0.5,0.3,Necrotic
-0.602823,-0.85636,0.2770102503875368,0.5,0.3,Necrotic
-1.93137,4.6008,0.27331360652831865,0.5,0.3,Necrotic
-12.9878,10.9882,0.6651350792133413,0.5,0.3,Viable tumour cell
0.557334,4.98963,0.27642992029338437,0.5,0.3,Necrotic
-0.474608,-0.337918,0.27682005903893114,0.5,0.3,Necrotic
2.40345,11.5994,0.3286155626832168,0.5,0.3,Viable tumour cell
3.27537,1.2325,0.2783076041574594,0.5,0.3,Necrotic
0.461171,12.1522,0.3387000904064472,0.5,0.3,Viable tumour cell
0.95705,-0.923842,0.278193763495415,0.5,0.3,Necrotic
0.564644,-0.782174,0.27783460933494986,0.5,0.3,Necrotic
-2.3326,-5.56686,0.27947478750151294,0.5,0.3,Necrotic
0.667016,-0.827653,0.2779331202064352,0.5,0.3,Necrotic
0.677659,-0.722797,0.27788251587256957,0.5,0.3,Necrotic
-0.0299138,-0.468516,0.27723348486148014,0.5,0.3,Necrotic
-0.216117,0.639358,0.27652691703046844,0.5,0.3,Necrotic
-9.90248,-2.25358,0.2918616754802708,0.5,0.3,Viable tumour cell
11.2281,-0.822056,0.31280910005140194,0.5,0.3,Viable tumour cell
10.5475,3.53627,0.3077850976596755,0.5,0.3,Viable tumour cell
-6.02579,-4.18942,0.2729370649956098,0.5,0.3,Necrotic
0.827658,-1.22168,0.27827999553122434,0.5,0.3,Necrotic
0.93473,-1.18252,0.2783352400507634,0.5,0.3,Necrotic
7.13989,12.9753,0.46133844313953376,0.5,0.3,Viable tumour cell
0.118524,-0.622849,0.2774268954053703,0.5,0.3,Necrotic
-0.00931112,-0.0840089,0.2770357618678693,0.5,0.3,Necrotic
3.13759,-18.0066,0.7685576054241813,0.5,0.3,Viable tumour cell
-1.30473,-0.165805,0.2760690641091611,0.5,0.3,Necrotic
1.00406,0.0963654,0.27766291069925636,0.5,0.3,Necrotic
8.15713,-15.9334,0.8041116434349086,0.5,0.3,Viable tumour cell
-11.9296,10.5026,0.5570306472299538,0.5,0.3,Viable tumour cell
-0.378843,-0.51738,0.2769934984421384,0.5,0.3,Necrotic
-0.31234,-0.356543,0.2769551051828571,0.5,0.3,Necrotic
11.011,10.343,0.47319537188742006,0.5,0.3,Viable tumour cell
0.297869,0.286989,0.27708228076605423,0.5,0.3,Necrotic
0.183726,-3.49153,0.2792339593375979,0.5,0.3,Necrotic
3.73981,-1.77679,0.28045822382490265,0.5,0.3,Necrotic
2.86217,-5.617,0.28350610287480027,0.5,0.3,Necrotic
0.52181,-0.0118152,0.27737133947906367,0.5,0.3,Necrotic
3.36701,3.1076,0.2783052888156685,0.5,0.3,Necrotic
0.00371855,-0.0872343,0.277047341813472,0.5,0.3,Necrotic
-2.13812,5.35232,0.2728822727779679,0.5,0.3,Necrotic
3.34243,-4.62208,0.2834266374758725,0.5,0.3,Necrotic
-0.170673,-0.27766,0.2770197572528085,0.5,0.3,Necrotic
-3.49985,-0.0390569,0.2742245515348561,0.5,0.3,Necrotic
16.2653,7.12878,0.7222017102527001,0.5,0.3,Viable tumour cell
-7.2045,16.2155,0.747698035570563,0.5,0.3,Viable tumour cell
0.793219,2.73142,0.27667094095315936,0.5,0.3,Necrotic
-0.0710946,-0.0681163,0.27697962968802253,0.5,0.3,Necrotic
1.17957,-0.20089,0.2779195309601627,0.5,0.3,Necrotic
16.4914,0.804591,0.631632146343857,0.5,0.3,Viable tumour cell
-2.09449,-0.512177,0.27560968519392726,0.5,0.3,Necrotic
0.137581,-0.507036,0.27737622800961914,0.5,0.3,Necrotic
0.0167104,-0.341613,0.27719788102770193,0.5,0.3,Necrotic
0.00711281,-0.309404,0.2771731289294413,0.5,0.3,Necrotic
0.153495,0.127728,0.277049309715144,0.5,0.3,Necrotic
0.923299,2.46647,0.2768183222693195,0.5,0.3,Necrotic
7.00794,-11.7775,0.40909706728669415,0.5,0.3,Viable tumour cell
0.0864828,1.00091,0.276600996403625,0.5,0.3,Necrotic
0.94876,3.72977,0.27672832023148974,0.5,0.3,Necrotic
-0.444681,-0.635819,0.2770088598649609,0.5,0.3,Necrotic
-2.36642,0.960375,0.2745374832914972,0.5,0.3,Necrotic
2.95195,3.28737,0.27812431883680594,0.5,0.3,Necrotic
4.76145,0.154688,0.2786540741306485,0.5,0.3,Necrotic
7.99834,-10.5721,0.3894755561494211,0.5,0.3,Viable tumour cell
0.0560284,-0.500758,0.2773143816605106,0.5,0.3,Necrotic
-0.0176008,-1.2663,0.27769957917531407,0.5,0.3,Necrotic
9.56407,-2.76953,0.29375263737671886,0.5,0.3,Viable tumour cell
0.149428,-0.126829,0.2771733821893529,0.5,0.3,Necrotic
0.14286,-0.41824,0.27733070267350435,0.5,0.3,Necrotic
-1.29027,-1.25022,0.27669614826246136,0.5,0.3,Necrotic
6.67039,-6.60913,0.2978415978666295,0.5,0.3,Necrotic
1.80319,4.59057,0.2775603243131618,0.5,0.3,Necrotic
-0.572078,2.2905,0.27553978856341416,0.5,0.3,Necrotic
1.25989,1.83756,0.2771756915872217,0.5,0.3,Necrotic
1.28194,4.39399,0.2770665329193568,0.5,0.3,Necrotic
0.635435,4.66238,0.2765074984701669,0.5,0.3,Necrotic
0.229562,1.10273,0.2766672488165266,0.5,0.3,Necrotic
-1.09946,-1.6597,0.27710162832667407,0.5,0.3,Necrotic
0.6102,-0.574315,0.27775145442574,0.5,0.3,Necrotic
0.693772,3.80585,0.27647409159928815,0.5,0.3,Necrotic
-0.0733825,-1.35758,0.27771225235902847,0.5,0.3,Necrotic
0.337209,-0.446872,0.2774856792001275,0.5,0.3,Necrotic
12.0464,-6.17467,0.4055526946078314,0.5,0.3,Viable tumour cell
1.48774,1.7163,0.277361108968159,0.5,0.3,Necrotic
13.7646,3.92216,0.43339010457541766,0.5,0.3,Viable tumour cell
3.06079,4.14016,0.27835215755692283,0.5,0.3,Necrotic
1.43823,2.47002,0.27716244813845475,0.5,0.3,Necrotic
-0.219745,0.303204,0.2766779603142717,0.5,0.3,Necrotic
-0.287583,-1.44938,0.2776039734589455,0.5,0.3,Necrotic
1.50085,2.35098,0.27722272059385683,0.5,0.3,Necrotic
7.46024,4.58192,0.283351057018216,0.5,0.3,Necrotic
0.414967,0.316082,0.2771523596953386,0.5,0.3,Necrotic
4.84171,-2.17999,0.28135868847740203,0.5,0.3,Necrotic
-0.248117,-0.901249,0.2773067146322919,0.5,0.3,Necrotic
-0.332619,-0.562192,0.27705376654995933,0.5,0.3,Necrotic
8.99463,-4.48752,0.2985346865982703,0.5,0.3,Viable tumour cell
-0.0158603,-0.111065,0.27704577112275297,0.5,0.3,Necrotic
-0.215059,-0.498072,0.2771081598728328,0.5,0.3,Necrotic
6.72759,5.73145,0.2819870005578534,0.5,0.3,Necrotic
16.7017,-0.400747,0.6530419889795778,0.5,0.3,Viable tumour cell
0.225282,-0.518635,0.27744542827783536,0.5,0.3,Necrotic
-7.68166,10.3761,0.36388618351253504,0.5,0.3,Viable tumour cell
0.759115,0.601063,0.27727194066357463,0.5,0.3,Necrotic
8.71312,1.90682,0.27890468898193044,0.5,0.3,Viable tumour cell
-1.34719,-4.01125,0.27850985995642835,0.5,0.3,Necrotic
-0.505808,-3.37032,0.27863841804760836,0.5,0.3,Necrotic
0.0204597,-0.502741,0.27729002959964855,0.5,0.3,Necrotic
-2.24008,0.566675,0.27487154531183533,0.5,0.3,Necrotic
-0.346875,-1.07538,0.2773316780790065,0.5,0.3,Necrotic
0.928496,-3.54028,0.2798447897815047,0.5,0.3,Necrotic
-2.0412,2.99747,0.2737086920763759,0.5,0.3,Necrotic
-0.192811,-0.511373,0.2771325771612241,0.5,0.3,Necrotic
0.0600391,-0.297429,0.2772043550400666,0.5,0.3,Necrotic
0.283487,0.0857954,0.27715924802455205,0.5,0.3,Necrotic
0.721824,-1.31838,0.27826260342667875,0.5,0.3,Necrotic
-0.228151,-0.668185,0.2771925923854299,0.5,0.3,Necrotic
0.262394,-1.17188,0.2778435400596067,0.5,0.3,Necrotic
0.0659161,1.32997,0.27646197478384427,0.5,0.3,Necrotic
1.40205,3.7981,0.27711124236518053,0.5,0.3,Necrotic
-1.71205,7.54422,0.27324860140503715,0.5,0.3,Necrotic
-0.705291,-0.506984,0.27673711808075774,0.5,0.3,Necrotic
-0.115442,-0.57259,0.2772257961643985,0.5,0.3,Necrotic
-2.50344,1.72467,0.2739499188426313,0.5,0.3,Necrotic
13.2328,12.05,0.7250740888795184,0.5,0.3,Viable tumour cell
-0.695633,-2.38893,0.27787837958862666,0.5,0.3,Necrotic
0.963387,10.5665,0.2980591631934532,0.5,0.3,Viable tumour cell
0.569381,1.59699,0.27674015548589836,0.5,0.3,Necrotic
4.21322,0.239891,0.278731754972511,0.5,0.3,Necrotic
-14.6591,4.30021,0.5232644086320971,0.5,0.3,Viable tumour cell
1.71907,5.09676,0.2776202831928314,0.5,0.3,Necrotic
-2.56968,2.49349,0.27332100588715147,0.5,0.3,Necrotic
-2.96384,1.81212,0.2734095938119285,0.5,0.3,Necrotic
-1.58783,-2.36003,0.27713695816927136,0.5,0.3,Necrotic
0.0859998,-0.555143,0.2773660269272249,0.5,0.3,Necrotic
-2.16435,1.6671,0.2743181800550615,0.5,0.3,Necrotic
2.85936,-4.74797,0.2829329191649074,0.5,0.3,Necrotic
-0.167738,-3.70164,0.2790916560262286,0.5,0.3,Necrotic
-0.678144,0.302791,0.2763216884081272,0.5,0.3,Necrotic
0.613347,-1.40284,0.27823537520074637,0.5,0.3,Necrotic
-1.38736,-5.29399,0.2796439201932559,0.5,0.3,Necrotic
1.50018,2.29518,0.27723153983350074,0.5,0.3,Necrotic
3.25156,-0.567834,0.2791241967891578,0.5,0.3,Necrotic
-0.906024,-1.44402,0.2771262806024082,0.5,0.3,Necrotic
-0.896576,-3.33402,0.27834533297008573,0.5,0.3,Necrotic
12.4326,-12.6344,0.7564814191660127,0.5,0.3,Viable tumour cell
10.1901,-6.80954,0.35293156639914214,0.5,0.3,Viable tumour cell
-12.2885,11.453,0.6458492054454985,0.5,0.3,Viable tumour cell
0.14605,-0.594366,0.2774307781041472,0.5,0.3,Necrotic
14.0697,9.4161,0.6340759379395655,0.5,0.3,Viable tumour cell
-8.44067,-7.09617,0.3151370788861063,0.5,0.3,Viable tumour cell
1.42739,5.74604,0.27760694675397163,0.5,0.3,Necrotic
0.0329527,0.105613,0.2769719530953615,0.5,0.3,Necrotic
-4.01196,14.4412,0.4905501585870888,0.5,0.3,Viable tumour cell
2.7632,0.467739,0.278400174073916,0.5,0.3,Necrotic
-0.112467,-0.367582,0.2771142447652247,0.5,0.3,Necrotic
3.05871,-0.0672497,0.27875222146120565,0.5,0.3,Necrotic
-1.57441,-2.65431,0.27734663410230354,0.5,0.3,Necrotic
-9.82927,6.22054,0.3181145543751932,0.5,0.3,Viable tumour cell
1.14963,3.6304,0.27690475514096957,0.5,0.3,Necrotic
1.45332,8.91451,0.2812682934983013,0.5,0.3,Necrotic
-6.31238,-1.67535,0.2723057981906517,0.5,0.3,Necrotic
0.14093,-0.266894,0.27724528727651043,0.5,0.3,Necrotic
-0.471972,-1.69687,0.2776124815431625,0.5,0.3,Necrotic
0.365269,-0.844621,0.2777266067992531,0.5,0.3,Necrotic
-0.626436,-0.555796,0.27682503852528384,0.5,0.3,Necrotic
12.8993,9.64479,0.5526295231326601,0.5,0.3,Viable tumour cell
2.85402,17.7544,0.7566187190397735,0.5,0.3,Viable tumour cell
-0.305499,3.12656,0.27558151356962063,0.5,0.3,Necrotic
-2.03139,-6.28503,0.2806744511317588,0.5,0.3,Necrotic
0.28334,-0.301165,0.2773662273946896,0.5,0.3,Necrotic
-1.00114,-2.16658,0.27749794366264047,0.5,0.3,Necrotic
-2.78798,-1.86991,0.27576563500074025,0.5,0.3,Necrotic
0.523606,-1.44357,0.2781953011921764,0.5,0.3,Necrotic
0.209241,-0.788829,0.2775839726985977,0.5,0.3,Necrotic
0.30989,-0.825194,0.2776761898090766,0.5,0.3,Necrotic
-5.43285,-1.8976,0.27255867487134966,0.5,0.3,Necrotic
0.567375,-4.16853,0.27990301961700115,0.5,0.3,Necrotic
-10.5226,-10.1439,0.4870246075254284,0.5,0.3,Viable tumour cell
-1.37136,0.334763,0.2757524039154093,0.5,0.3,Necrotic
0.033612,0.434546,0.27682173890605855,0.5,0.3,Necrotic
-11.4143,-1.65797,0.32844298743077205,0.5,0.3,Viable tumour cell
-3.48655,0.331326,0.2740076383373662,0.5,0.3,Necrotic
-5.12089,9.50523,0.296557281649889,0.5,0.3,Viable tumour cell
-2.65864,1.48078,0.2739625727705096,0.5,0.3,Necrotic
2.31092,2.2672,0.27775980740447137,0.5,0.3,Necrotic
-0.316736,-0.563273,0.27706652486518185,0.5,0.3,Necrotic
7.86926,-11.3794,0.41712632592941545,0.5,0.3,Viable tumour cell
2.11729,0.982566,0.27791336689832324,0.5,0.3,Necrotic
-4.23528,1.7009,0.2723773851138522,0.5,0.3,Necrotic
-0.611749,0.0513182,0.2764998341692091,0.5,0.3,Necrotic
-0.364796,10.6094,0.2974672081253015,0.5,0.3,Viable tumour cell
0.101899,-0.599682,0.27740213442160333,0.5,0.3,Necrotic
4.42577,1.93726,0.2783972042058054,0.5,0.3,Necrotic
2.36678,-2.09284,0.2799591489921718,0.5,0.3,Necrotic
0.509133,-1.44028,0.27818294905405483,0.5,0.3,Necrotic
0.676469,-5.49221,0.2803769915149446,0.5,0.3,Necrotic
1.06333,1.39927,0.27718545090566005,0.5,0.3,Necrotic
-2.18083,-12.3811,0.3629127145479375,0.5,0.3,Viable tumour cell
-9.34302,-1.53862,0.28524288262558595,0.5,0.3,Viable tumour cell
-0.993394,-4.28377,0.2789515847758612,0.5,0.3,Necrotic
-0.0110024,-0.72436,0.2773900178391793,0.5,0.3,Necrotic
8.40308,-7.15228,0.31826773421683885,0.5,0.3,Viable tumour cell
4.44044,6.05023,0.27967033488294574,0.5,0.3,Necrotic
0.0456877,-0.0677343,0.2770665483481409,0.5,0.3,Necrotic
-0.00292119,1.11462,0.27649253588875355,0.5,0.3,Necrotic
-0.177261,-0.277062,0.27701438167134046,0.5,0.3,Necrotic
-1.32507,-0.696654,0.27634897293118743,0.5,0.3,Necrotic
0.720615,-2.49311,0.2790275556874309,0.5,0.3,Necrotic
0.651468,-3.86094,0.2798219321842581,0.5,0.3,Necrotic
6.08031,-0.174968,0.277975628964332,0.5,0.3,Necrotic
-1.59144,0.743054,0.275345805603319,0.5,0.3,Necrotic
0.918939,2.14734,0.27686776009765046,0.5,0.3,Necrotic
-0.498028,-6.14791,0.28027077869492967,0.5,0.3,Necrotic
-3.23564,0.773546,0.27391727514051145,0.5,0.3,Necrotic
0.403372,-0.157513,0.277370008682326,0.5,0.3,Necrotic
-0.715015,-0.434343,0.27668904952492124,0.5,0.3,Necrotic
0.35336,-0.623767,0.27759545655443313,0.5,0.3,Necrotic
-0.14746,-4.71165,0.27967849933534256,0.5,0.3,Necrotic
2.09891,4.73431,0.2778443784573634,0.5,0.3,Necrotic
1.30134,2.77756,0.2770297509126035,0.5,0.3,Necrotic
12.7491,0.840228,0.36336703642182394,0.5,0.3,Viable tumour cell
0.716118,2.70034,0.2766147739422732,0.5,0.3,Necrotic
2.44057,-4.28926,0.28199108072112766,0.5,0.3,Necrotic
0.923712,-2.92394,0.2794669535305875,0.5,0.3,Necrotic
1.9353,7.45908,0.2795282191573264,0.5,0.3,Necrotic
0.170833,-0.567347,0.2774335106090984,0.5,0.3,Necrotic
-1.3818,1.38637,0.27516788132918535,0.5,0.3,Necrotic
6.77034,7.4644,0.2888031124784054,0.5,0.3,Viable tumour cell
3.08168,0.943775,0.2783112460576246,0.5,0.3,Necrotic
-0.00235958,-0.502136,0.27727324601034553,0.5,0.3,Necrotic
0.128868,-0.525117,0.2773800321983489,0.5,0.3,Necrotic
-2.66989,1.03054,0.2742275659397633,0.5,0.3,Necrotic
5.29728,-2.86047,0.28275096330463123,0.5,0.3,Necrotic
0.80262,-0.577536,0.27788913072127364,0.5,0.3,Necrotic
1.95543,-4.00538,0.281143552460351,0.5,0.3,Necrotic
1.33551,-1.0037,0.27847665755559997,0.5,0.3,Necrotic
0.383275,-1.41164,0.27807550637637624,0.5,0.3,Necrotic
8.07029,-8.08661,0.3248502974143308,0.5,0.3,Viable tumour cell
4.07793,-3.84566,0.2835117963061324,0.5,0.3,Necrotic
5.15865,1.26523,0.2782890345580479,0.5,0.3,Necrotic
4.42969,6.84744,0.2802904389009783,0.5,0.3,Necrotic
2.31021,2.70847,0.27772915613416976,0.5,0.3,Necrotic
9.87627,4.18596,0.2996897386309955,0.5,0.3,Viable tumour cell
3.84523,2.22459,0.27835576617345725,0.5,0.3,Necrotic
8.10679,14.4233,0.6065551514691243,0.5,0.3,Viable tumour cell
7.15334,-13.3972,0.504862494790382,0.5,0.3,Viable tumour cell
5.03464,16.5483,0.6749624143611592,0.5,0.3,Viable tumour cell
0.42001,-0.474385,0.27756020906943774,0.5,0.3,Necrotic
-0.748655,-0.797069,0.27686569031304364,0.5,0.3,Necrotic
-4.24829,-4.28513,0.276203792731309,0.5,0.3,Necrotic
1.66578,0.988458,0.2776655523673757,0.5,0.3,Necrotic
-0.503095,-1.3081,0.27735327586752456,0.5,0.3,Necrotic
-3.14746,-3.284,0.2763873759516481,0.5,0.3,Necrotic
-4.31197,0.277917,0.27348166329910517,0.5,0.3,Necrotic
-5.67185,-0.911679,0.2732361877328616,0.5,0.3,Necrotic
0.259289,4.09538,0.27605392241460336,0.5,0.3,Necrotic
0.916671,-5.32567,0.28047861353173564,0.5,0.3,Necrotic
-2.44316,-1.51575,0.27588891670273064,0.5,0.3,Necrotic
10.1406,6.96102,0.33831600155974206,0.5,0.3,Viable tumour cell
-5.26732,11.0174,0.3363185310558897,0.5,0.3,Viable tumour cell
-0.593113,-0.367032,0.27674518884407,0.5,0.3,Necrotic
3.2011,-16.7185,0.6383958226618707,0.5,0.3,Viable tumour cell
0.664068,1.40293,0.27687612914470777,0.5,0.3,Necrotic
-2.84064,-2.9358,0.27640245749394976,0.5,0.3,Necrotic
-0.3757,-1.52993,0.2775853822272319,0.5,0.3,Necrotic
-0.982522,0.758798,0.27585715406076183,0.5,0.3,Necrotic
7.40906,-12.4347,0.45360373007441324,0.5,0.3,Viable tumour cell
14.7065,-8.69216,0.7048166271908521,0.5,0.3,Viable tumour cell
-0.389022,-0.587993,0.2770249133930159,0.5,0.3,Necrotic
2.24449,-3.56398,0.28107017766117537,0.5,0.3,Necrotic
-7.97919,2.37484,0.27312228289475216,0.5,0.3,Viable tumour cell
-5.99602,0.971914,0.27266854545424485,0.5,0.3,Necrotic
-5.52701,-8.35034,0.29493850150762907,0.5,0.3,Viable tumour cell
0.228085,-3.91732,0.27952555790100203,0.5,0.3,Necrotic
-0.56954,-0.886251,0.27705232650005956,0.5,0.3,Necrotic
1.67824,2.86017,0.27730033543705357,0.5,0.3,Necrotic
0.869169,-3.04511,0.27949991005602526,0.5,0.3,Necrotic
-0.0593927,-0.410767,0.2771788531257816,0.5,0.3,Necrotic
-0.656352,-0.62186,0.27683894556894983,0.5,0.3,Necrotic
-6.98047,0.916597,0.2737204823084196,0.5,0.3,Necrotic
-2.78421,-1.04109,0.2753129571840629,0.5,0.3,Necrotic
-2.45758,-2.24004,0.27629594390375944,0.5,0.3,Necrotic
4.6535,1.21321,0.27833893957134503,0.5,0.3,Necrotic
0.182459,-0.0827594,0.2771718124720703,0.5,0.3,Necrotic
9.54716,-0.383799,0.28333280111563397,0.5,0.3,Viable tumour cell
4.97968,-6.89715,0.2910382385426276,0.5,0.3,Necrotic
-0.604227,-2.24421,0.27785383747580555,0.5,0.3,Necrotic
13.5893,-4.14031,0.44212721486523143,0.5,0.3,Viable tumour cell
7.34201,2.77523,0.27950464729597896,0.5,0.3,Necrotic
-0.404223,1.09211,0.27617344124157345,0.5,0.3,Necrotic
0.757754,-1.20427,0.2782176812119954,0.5,0.3,Necrotic
0.997648,-4.48144,0.28035549749346245,0.5,0.3,Necrotic
1.38447,4.54237,0.2771733656886451,0.5,0.3,Necrotic
-0.866132,0.134234,0.2762622950008296,0.5,0.3,Necrotic
-0.0908507,-1.47752,0.27777164858835207,0.5,0.3,Necrotic
-0.343301,-0.732614,0.2771402140981331,0.5,0.3,Necrotic
-1.83141,-2.1506,0.27679733504693055,0.5,0.3,Necrotic
1.76212,3.11621,0.27736007996169854,0.5,0.3,Necrotic
3.4402,5.4732,0.27899119962148655,0.5,0.3,Necrotic
3.9593,17.7924,0.7704591964924308,0.5,0.3,Viable tumour cell
-2.66978,7.24678,0.27203172788431496,0.5,0.3,Necrotic
-2.12962,0.138288,0.27521098684917433,0.5,0.3,Necrotic
-0.0270958,2.64209,0.275970804440232,0.5,0.3,Necrotic
-4.63311,0.218777,0.2733605286574769,0.5,0.3,Necrotic
1.23583,-3.31123,0.28000040391030967,0.5,0.3,Necrotic
-9.81395,0.559267,0.2901997739324908,0.5,0.3,Viable tumour cell
-0.12158,-0.65551,0.2772671380891543,0.5,0.3,Necrotic
1.62313,-9.2597,0.28341027535536006,0.5,0.3,Viable tumour cell
-6.28254,0.386491,0.2733760951674677,0.5,0.3,Necrotic
-0.191551,0.703511,0.276517579613804,0.5,0.3,Necrotic
2.12905,-0.164302,0.27844288857798966,0.5,0.3,Necrotic
-0.0202039,-0.533072,0.2772767626150701,0.5,0.3,Necrotic
-1.69151,4.0649,0.27374788648002196,0.5,0.3,Necrotic
-0.558431,4.90764,0.27510340218199847,0.5,0.3,Necrotic
-0.0195741,1.41727,0.27636490912529643,0.5,0.3,Necrotic
-0.149056,0.0386965,0.27686205494736715,0.5,0.3,Necrotic
-3.25935,-4.79238,0.27783166853811075,0.5,0.3,Necrotic
0.0968548,-0.465228,0.27732386995030306,0.5,0.3,Necrotic
-0.438501,-0.127515,0.2767302595701775,0.5,0.3,Necrotic
8.44635,-13.8129,0.5856299373162255,0.5,0.3,Viable tumour cell
4.71368,3.12998,0.27884761038611106,0.5,0.3,Necrotic
-0.26893,0.925443,0.2763527406818361,0.5,0.3,Necrotic
6.64792,1.44676,0.2770098002742089,0.5,0.3,Necrotic
-0.316619,2.13466,0.2758270199721623,0.5,0.3,Necrotic
8.01812,0.295085,0.27511971656109796,0.5,0.3,Necrotic
5.14778,-5.99978,0.2894901507099524,0.5,0.3,Necrotic
3.71879,2.71729,0.27838434222126446,0.5,0.3,Necrotic
4.61555,1.67805,0.2783716279814457,0.5,0.3,Necrotic
1.88065,3.90688,0.27750610427102507,0.5,0.3,Necrotic
3.41875,2.29781,0.2782191824416177,0.5,0.3,Necrotic
0.591692,0.393295,0.27724370011647714,0.5,0.3,Necrotic
1.34181,3.35332,0.2770684580644572,0.5,0.3,Necrotic
-4.03899,0.890433,0.2732163113159882,0.5,0.3,Necrotic
-1.09563,1.93759,0.2751974933995969,0.5,0.3,Necrotic
-0.576494,-0.386713,0.27676896744435164,0.5,0.3,Necrotic
9.23049,4.60561,0.2941032804161312,0.5,0.3,Viable tumour cell
-1.57217,1.21646,0.27509586499804295,0.5,0.3,Necrotic
-1.32136,-2.10077,0.27718866547936444,0.5,0.3,Necrotic
5.28158,11.1817,0.34471332397005977,0.5,0.3,Viable tumour cell
0.234003,2.42155,0.2762610274371203,0.5,0.3,Necrotic
0.354009,-0.452402,0.2775007721940628,0.5,0.3,Necrotic
2.89476,-1.66663,0.2799075611055114,0.5,0.3,Necrotic
6.2352,11.6424,0.37626790178102043,0.5,0.3,Viable tumour cell
0.498364,3.73706,0.27628130521110605,0.5,0.3,Necrotic
1.39212,2.36068,0.27715072312148475,0.5,0.3,Necrotic
-0.302394,0.10092,0.2767126824917553,0.5,0.3,Necrotic
-6.0647,-12.6654,0.4422114326868635,0.5,0.3,Viable tumour cell
-4.33377,3.48799,0.2701552243285005,0.5,0.3,Necrotic
-0.372487,1.72928,0.27595094564901057,0.5,0.3,Necrotic
-2.18554,3.03324,0.27351232905334244,0.5,0.3,Necrotic
-9.48875,-3.65543,0.2920427209632356,0.5,0.3,Viable tumour cell
2.90217,3.70906,0.2781627665918295,0.5,0.3,Necrotic
4.27907,-1.61174,0.280328926911567,0.5,0.3,Necrotic
-2.56118,6.12808,0.2722271091252181,0.5,0.3,Necrotic
0.210198,3.67175,0.2760092696407328,0.5,0.3,Necrotic
1.84746,3.62325,0.2774621599522588,0.5,0.3,Necrotic
0.0501538,-0.31772,0.2772085474114584,0.5,0.3,Necrotic
1.17736,3.06976,0.2769266598900073,0.5,0.3,Necrotic
-7.35197,-15.3403,0.678453050735146,0.5,0.3,Viable tumour cell
-3.67719,-3.42903,0.2759112392818995,0.5,0.3,Necrotic
0.471103,-0.366523,0.2775358814028208,0.5,0.3,Necrotic
-6.05971,13.2835,0.45802877974767026,0.5,0.3,Viable tumour cell
-2.43264,-2.97685,0.2768151011388764,0.5,0.3,Necrotic
8.62349,3.10487,0.28353281047616874,0.5,0.3,Necrotic
-6.90271,-10.9802,0.38397134620150775,0.5,0.3,Viable tumour cell
0.198055,-1.35021,0.2779056901817792,0.5,0.3,Necrotic
-1.97885,-1.76144,0.27643418156587846,0.5,0.3,Necrotic
1.50201,2.36806,0.27722063929380325,0.5,0.3,Necrotic
0.723599,-0.835026,0.2779777055105478,0.5,0.3,Necrotic
-0.171245,-0.828301,0.27732505891835413,0.5,0.3,Necrotic
-1.90314,2.66453,0.27404249433769756,0.5,0.3,Necrotic
17.7008,3.46092,0.7866923571675302,0.5,0.3,Viable tumour cell
-2.5638,-3.37319,0.2770100754772253,0.5,0.3,Necrotic
-0.134817,-1.47371,0.27773567990786946,0.5,0.3,Necrotic
13.6334,-1.51703,0.41579818982039984,0.5,0.3,Viable tumour cell
0.734127,0.152816,0.2774483986872156,0.5,0.3,Necrotic
-0.978787,16.9771,0.6905174928884558,0.5,0.3,Viable tumour cell
1.52395,2.37196,0.27723419780519026,0.5,0.3,Necrotic
1.08825,3.83122,0.27685066691205984,0.5,0.3,Necrotic
-1.4001,-1.67268,0.2768595655377805,0.5,0.3,Necrotic
12.6035,-6.66372,0.45003867156375205,0.5,0.3,Viable tumour cell
4.20443,2.71594,0.2785829000171517,0.5,0.3,Necrotic
0.373319,0.590912,0.27699848164414803,0.5,0.3,Necrotic
5.49373,-11.1425,0.3513017497509984,0.5,0.3,Viable tumour cell
0.108876,-0.329655,0.27725719635399004,0.5,0.3,Necrotic
-0.307084,-0.0351385,0.27677971097610293,0.5,0.3,Necrotic
0.0653672,1.84342,0.2762681125751838,0.5,0.3,Necrotic
2.19725,0.170158,0.2782903589733409,0.5,0.3,Necrotic
-2.1442,0.785512,0.2748338484867098,0.5,0.3,Necrotic
-1.48747,1.86671,0.2748433323384005,0.5,0.3,Necrotic
-12.9574,8.30878,0.5234301774865884,0.5,0.3,Viable tumour cell
-2.961,-4.36583,0.2776556536767285,0.5,0.3,Necrotic
2.70395,5.13608,0.2784014056706837,0.5,0.3,Necrotic
6.87389,6.51686,0.2844294312301888,0.5,0.3,Viable tumour cell
-0.177206,4.59216,0.27557563765997795,0.5,0.3,Necrotic
-13.3011,3.13117,0.4138471752611527,0.5,0.3,Viable tumour cell
-0.409209,-1.11615,0.2773086915742171,0.5,0.3,Necrotic
1.9856,6.44104,0.2785794430487862,0.5,0.3,Necrotic
-1.74543,0.897222,0.27512352761364706,0.5,0.3,Necrotic
-3.49584,1.77373,0.27289573202895234,0.5,0.3,Necrotic
-0.676281,8.64956,0.2768855714036793,0.5,0.3,Necrotic
-10.5945,10.4517,0.4785185138362704,0.5,0.3,Viable tumour cell
-5.46809,1.71218,0.2715134659023703,0.5,0.3,Necrotic
-3.61662,5.87739,0.27042702216332737,0.5,0.3,Necrotic
-1.98078,-7.85755,0.28353805267180987,0.5,0.3,Necrotic
-1.36459,4.38696,0.27413820693215996,0.5,0.3,Necrotic
-1.01217,1.41384,0.27552003433940936,0.5,0.3,Necrotic
4.41854,8.764,0.28794300886058316,0.5,0.3,Viable tumour cell
0.0244056,-0.34214,0.27720368063078815,0.5,0.3,Necrotic
-8.78196,4.07623,0.2808548073878606,0.5,0.3,Viable tumour cell
0.382387,0.463357,0.2770635497036704,0.5,0.3,Necrotic
2.4066,-1.48763,0.2794448641680999,0.5,0.3,Necrotic
15.3786,8.84496,0.7209941172287889,0.5,0.3,Viable tumour cell
1.28449,0.625353,0.27759591021166957,0.5,0.3,Necrotic
2.15655,-5.17195,0.28201697119577196,0.5,0.3,Necrotic
3.68877,-3.29268,0.28234772412788645,0.5,0.3,Necrotic
-2.27466,-1.1303,0.27580506280085304,0.5,0.3,Necrotic
-0.474343,-2.04047,0.27782020834225707,0.5,0.3,Necrotic
-3.68631,-9.90845,0.3051880296365874,0.5,0.3,Viable tumour cell
-1.06409,-1.08272,0.27678262963720707,0.5,0.3,Necrotic
7.21107,3.74466,0.28175961142404615,0.5,0.3,Necrotic
1.19541,1.41996,0.2772644916487354,0.5,0.3,Necrotic
-1.95571,-5.10178,0.27916480051409454,0.5,0.3,Necrotic
2.55895,1.62221,0.27794477809072127,0.5,0.3,Necrotic
1.53623,2.82547,0.2771986622120746,0.5,0.3,Necrotic
6.79907,-3.23254,0.28454171874037604,0.5,0.3,Necrotic
-1.02065,3.5932,0.2747197328511593,0.5,0.3,Necrotic
1.75826,-0.863628,0.2786522378562365,0.5,0.3,Necrotic
1.29043,-4.24913,0.28056364202399436,0.5,0.3,Necrotic
-6.04725,7.86317,0.27794850573147384,0.5,0.3,Viable tumour cell
-3.35236,16.244,0.6354207488528628,0.5,0.3,Viable tumour cell
-0.973548,-0.757427,0.2766707521351611,0.5,0.3,Necrotic
7.43382,-1.49578,0.2782645312958437,0.5,0.3,Necrotic
-0.0480679,0.444226,0.2767534911904208,0.5,0.3,Necrotic
7.80242,16.8327,0.8628713780302648,0.5,0.3,Viable tumour cell
-3.36311,1.98651,0.27287894095361903,0.5,0.3,Necrotic
-1.79313,1.73434,0.27460867961797847,0.5,0.3,Necrotic
-14.463,-3.21243,0.4962202579351017,0.5,0.3,Viable tumour cell
1.3927,7.8303,0.2792179392227554,0.5,0.3,Necrotic
-0.858591,-6.98828,0.28088684204492687,0.5,0.3,Necrotic
-8.34997,10.75,0.3984592075607257,0.5,0.3,Viable tumour cell
-1.35056,-0.248034,0.2760772931264923,0.5,0.3,Necrotic
-1.47802,-0.965165,0.27637367746246455,0.5,0.3,Necrotic
-11.1842,-11.9096,0.6357387998750306,0.5,0.3,Viable tumour cell
5.70119,0.961815,0.27786056967242445,0.5,0.3,Necrotic
8.91952,0.444003,0.27727490809565275,0.5,0.3,Viable tumour cell
0.0414677,2.34325,0.2761108145336783,0.5,0.3,Necrotic
-8.24054,-15.8258,0.7685338258152652,0.5,0.3,Viable tumour cell
0.245495,-2.63005,0.2787503482286437,0.5,0.3,Necrotic
-1.35443,-0.442629,0.27618284527557757,0.5,0.3,Necrotic
-1.90912,-14.5683,0.46839819013623085,0.5,0.3,Viable tumour cell
0.309541,1.16702,0.2767015006336506,0.5,0.3,Necrotic
-1.78223,0.371317,0.2753870342015444,0.5,0.3,Necrotic
0.458803,-6.24835,0.2799198180099262,0.5,0.3,Necrotic
-1.59097,-1.04425,0.2763266769219336,0.5,0.3,Necrotic
-3.35034,-0.018158,0.27432374461504183,0.5,0.3,Necrotic
0.636141,-2.18153,0.27875662260355183,0.5,0.3,Necrotic
-11.7688,-0.92436,0.33672310545098894,0.5,0.3,Viable tumour cell
-3.25072,0.446526,0.27410994918511056,0.5,0.3,Necrotic
7.69056,-3.06831,0.28464576020236443,0.5,0.3,Necrotic
-2.65663,-4.2153,0.27774062509548314,0.5,0.3,Necrotic
7.83297,-13.202,0.5171284460768822,0.5,0.3,Viable tumour cell
-5.84597,5.45171,0.26538886921220983,0.5,0.3,Viable tumour cell
-0.581873,2.02953,0.2756277995545211,0.5,0.3,Necrotic
4.51224,-8.59841,0.2968082836636157,0.5,0.3,Viable tumour cell
4.1485,-2.16944,0.2811404230366262,0.5,0.3,Necrotic
-2.98872,3.254,0.27236060972914267,0.5,0.3,Necrotic
0.84462,0.69427,0.2772919500336867,0.5,0.3,Necrotic
4.12741,-11.9714,0.35637584996587707,0.5,0.3,Viable tumour cell
5.66315,4.37446,0.2800116300095464,0.5,0.3,Necrotic
-2.32487,-0.0274774,0.27514862552415537,0.5,0.3,Necrotic
-2.20979,-3.44604,0.27740302258193883,0.5,0.3,Necrotic
-7.30758,-14.2571,0.5872589727197177,0.5,0.3,Viable tumour cell
7.73567,8.97291,0.32414614882908727,0.5,0.3,Viable tumour cell
1.9197,-8.35507,0.2801866154182553,0.5,0.3,Viable tumour cell
-0.476659,-0.957456,0.2771629659398657,0.5,0.3,Necrotic
-0.960528,0.425396,0.27604255627923413,0.5,0.3,Necrotic
2.16049,4.35275,0.2778007020794874,0.5,0.3,Necrotic
-6.05022,3.79248,0.2661132090155604,0.5,0.3,Viable tumour cell
0.950694,4.62917,0.27681862664119417,0.5,0.3,Necrotic
-4.21173,1.11093,0.2729454266364769,0.5,0.3,Necrotic
3.31644,-1.21526,0.2797088265207146,0.5,0.3,Necrotic
10.0652,6.02291,0.319834402315292,0.5,0.3,Viable tumour cell
6.59974,4.90692,0.2815609308795506,0.5,0.3,Necrotic
-2.28832,-1.98612,0.2762865984956405,0.5,0.3,Necrotic
4.21019,-6.1674,0.2875278307206136,0.5,0.3,Necrotic
15.9846,0.193532,0.5762766189686449,0.5,0.3,Viable tumour cell
-7.45984,-6.6331,0.29233509265618024,0.5,0.3,Viable tumour cell
-10.8114,-5.59517,0.34865809866804093,0.5,0.3,Viable tumour cell
2.31198,-0.93114,0.27899562362414027,0.5,0.3,Necrotic
1.31645,3.88791,0.2770388640040945,0.5,0.3,Necrotic
-0.57363,0.027994,0.2765409374016356,0.5,0.3,Necrotic
-2.14719,2.22511,0.2739747745770467,0.5,0.3,Necrotic
-0.219881,3.68496,0.27559871108082645,0.5,0.3,Necrotic
-0.408271,-2.06328,0.2778859179357531,0.5,0.3,Necrotic
5.10251,2.04749,0.2784238916909224,0.5,0.3,Necrotic
14.934,7.89751,0.6278967451731563,0.5,0.3,Viable tumour cell
-0.00921811,-2.53012,0.2784881546573539,0.5,0.3,Necrotic
0.000659821,-11.2003,0.31364018802067906,0.5,0.3,Viable tumour cell
1.42306,5.18502,0.27738874278383396,0.5,0.3,Necrotic
1.13471,14.579,0.4658821495961731,0.5,0.3,Viable tumour cell
0.238539,-5.08452,0.2800558011824651,0.5,0.3,Necrotic
-1.22634,11.2896,0.3132441049394341,0.5,0.3,Viable tumour cell
2.99276,2.52159,0.27809509259541015,0.5,0.3,Necrotic
3.69129,-7.92529,0.28838199222819527,0.5,0.3,Necrotic
2.50633,0.896842,0.2781116154773101,0.5,0.3,Necrotic
0.579136,0.0265044,0.27739366412583183,0.5,0.3,Necrotic
1.04408,-4.71335,0.28048832153948955,0.5,0.3,Necrotic
0.382802,-0.697753,0.27765760652605975,0.5,0.3,Necrotic
-16.9238,-4.6779,0.7424281305801315,0.5,0.3,Viable tumour cell
-0.388054,-2.04012,0.2778862826117756,0.5,0.3,Necrotic
1.37441,-0.991046,0.2784924944387206,0.5,0.3,Necrotic
-1.71192,-13.0084,0.38213145799989073,0.5,0.3,Viable tumour cell
4.20159,1.49836,0.2783894759564751,0.5,0.3,Necrotic
-5.87625,-5.87438,0.27790685612555976,0.5,0.3,Necrotic
-0.534753,0.136603,0.27651595031172765,0.5,0.3,Necrotic
13.5658,10.3174,0.6432639918325586,0.5,0.3,Viable tumour cell
2.76385,5.96034,0.2787994737185666,0.5,0.3,Necrotic
-0.238073,-2.26145,0.2781460244047767,0.5,0.3,Necrotic
-4.10605,-0.0711289,0.27379253353993727,0.5,0.3,Necrotic
10.8611,14.8665,0.785877176405299,0.5,0.3,Viable tumour cell
-3.85582,1.54914,0.27276027333437436,0.5,0.3,Necrotic
4.00501,-4.71948,0.28476946813942694,0.5,0.3,Necrotic
3.40275,3.56423,0.2784346366195136,0.5,0.3,Necrotic
3.65299,1.06922,0.27838681685058253,0.5,0.3,Necrotic
2.1479,-18.1337,0.7666249220109564,0.5,0.3,Viable tumour cell
11.1166,7.36149,0.376808639849375,0.5,0.3,Viable tumour cell
1.1951,-13.4839,0.3952975190115814,0.5,0.3,Viable tumour cell
1.43329,-4.48527,0.2807958586741043,0.5,0.3,Necrotic
-15.0093,2.5825,0.5151012903112914,0.5,0.3,Viable tumour cell
0.195129,6.94592,0.2766231696989193,0.5,0.3,Necrotic
1.03547,-2.36975,0.27918048486765495,0.5,0.3,Necrotic
-7.6861,12.4075,0.45471742751117783,0.5,0.3,Viable tumour cell
0.021768,3.93713,0.27580966962505926,0.5,0.3,Necrotic
-1.52289,0.187456,0.2757021520827937,0.5,0.3,Necrotic
0.53742,5.48229,0.27650409943460563,0.5,0.3,Necrotic
-0.899647,5.97711,0.2747492757614323,0.5,0.3,Necrotic
-4.89889,-1.20346,0.2735781610851877,0.5,0.3,Necrotic
3.87819,1.67637,0.2783865916733991,0.5,0.3,Necrotic
0.867844,-0.0909019,0.2776603242299741,0.5,0.3,Necrotic
2.92414,14.517,0.4710872389198544,0.5,0.3,Viable tumour cell
2.10421,1.33968,0.277814570876787,0.5,0.3,Necrotic
6.74525,9.29511,0.31340079045053354,0.5,0.3,Viable tumour cell
-3.95015,6.70008,0.2701958825731296,0.5,0.3,Necrotic
2.79662,1.68847,0.27804773089527407,0.5,0.3,Necrotic
5.22846,-0.584511,0.2790300832657925,0.5,0.3,Necrotic
7.74981,8.08076,0.3075131734715455,0.5,0.3,Viable tumour cell
11.8325,-3.94155,0.3575449562219665,0.5,0.3,Viable tumour cell
3.52331,8.3148,0.2815816088955534,0.5,0.3,Viable tumour cell
0.0381403,5.82838,0.2760130862634118,0.5,0.3,Necrotic
-1.76061,-5.70238,0.2799638023822927,0.5,0.3,Necrotic
-3.17317,-0.778569,0.27485748969191875,0.5,0.3,Necrotic
1.6886,-3.39047,0.28045705271248866,0.5,0.3,Necrotic
3.27561,-2.3574,0.28078796673815576,0.5,0.3,Necrotic
1.38305,-1.56763,0.27890533377065524,0.5,0.3,Necrotic
-3.88512,2.91929,0.27137603134294225,0.5,0.3,Necrotic
2.17402,2.59425,0.2776588550215136,0.5,0.3,Necrotic
-11.2991,-0.0829338,0.31920944294694076,0.5,0.3,Viable tumour cell
-7.78825,14.1498,0.5718104142722704,0.5,0.3,Viable tumour cell
5.2722,15.7454,0.6105487769660232,0.5,0.3,Viable tumour cell
-2.14221,-2.41708,0.2767081827820809,0.5,0.3,Necrotic
-12.8472,2.36665,0.38345740355250413,0.5,0.3,Viable tumour cell
-3.19111,-10.8614,0.3233194881666706,0.5,0.3,Viable tumour cell
-3.20921,-7.49263,0.2837856746874469,0.5,0.3,Necrotic
-0.332567,6.54172,0.2756803597212251,0.5,0.3,Necrotic
0.948382,5.02875,0.2768703830610517,0.5,0.3,Necrotic
0.560264,-4.68637,0.28010418080857125,0.5,0.3,Necrotic
0.973826,-4.07838,0.2801865382231771,0.5,0.3,Necrotic
4.29358,-9.40326,0.3013503731624115,0.5,0.3,Necrotic
0.469401,0.0167735,0.2773203994531302,0.5,0.3,Necrotic
-0.0661938,-3.12988,0.27882249507171525,0.5,0.3,Necrotic
-1.59158,3.54057,0.27400414725656275,0.5,0.3,Necrotic
3.75698,0.602195,0.27857276501391576,0.5,0.3,Necrotic
12.9076,-5.83202,0.4434498923265085,0.5,0.3,Viable tumour cell
4.50678,-5.23909,0.2864770623726355,0.5,0.3,Necrotic
9.4533,10.2695,0.40794654690175497,0.5,0.3,Viable tumour cell
8.73121,13.8439,0.5824487445512586,0.5,0.3,Viable tumour cell
-5.16578,-0.438012,0.2734029935298042,0.5,0.3,Necrotic
3.59733,1.46855,0.27834985899248077,0.5,0.3,Necrotic
-4.14904,-1.13014,0.2741823445505982,0.5,0.3,Necrotic
3.63677,1.89197,0.27829849188165373,0.5,0.3,Necrotic
1.1645,-3.60435,0.28010515210900294,0.5,0.3,Necrotic
9.11163,-7.13047,0.3302374905898462,0.5,0.3,Viable tumour cell
8.28147,4.99312,0.2886722291137038,0.5,0.3,Viable tumour cell
13.0027,-11.7098,0.7176555148217478,0.5,0.3,Viable tumour cell
2.58898,2.50804,0.277899132817643,0.5,0.3,Necrotic
13.9808,-11.6328,0.7956588121262034,0.5,0.3,Viable tumour cell
13.2491,-4.89354,0.4381729342853693,0.5,0.3,Viable tumour cell
3.36065,0.448195,0.27856690785800303,0.5,0.3,Necrotic
-16.1469,1.32962,0.6078485704325866,0.5,0.3,Viable tumour cell
0.0067124,5.05771,0.2758293803914023,0.5,0.3,Necrotic
-1.97837,-3.57467,0.277722680381795,0.5,0.3,Necrotic
5.83109,17.9134,0.8725609879019298,0.5,0.3,Viable tumour cell
8.44202,5.91658,0.2950240698207763,0.5,0.3,Viable tumour cell
5.09861,-1.40404,0.28016750943470303,0.5,0.3,Necrotic
4.06469,-6.98967,0.2883235559714028,0.5,0.3,Necrotic
8.27635,1.00853,0.2767499384710872,0.5,0.3,Necrotic
-10.7878,-2.43731,0.31305994301807555,0.5,0.3,Viable tumour cell
-6.49071,3.15338,0.26782732804119536,0.5,0.3,Necrotic
-3.04231,-3.84026,0.2770078107808413,0.5,0.3,Necrotic
-7.35631,-4.86432,0.2764722903936347,0.5,0.3,Viable tumour cell
6.22084,2.47638,0.27882149632767816,0.5,0.3,Necrotic
4.54219,0.51262,0.27856821582061175,0.5,0.3,Necrotic
14.9335,-0.751499,0.49194388342741313,0.5,0.3,Viable tumour cell
4.10314,0.92357,0.27846946640185216,0.5,0.3,Necrotic
18.4074,-0.965933,0.8562846942709379,0.5,0.3,Viable tumour cell
-3.41578,-4.25536,0.27702914415573127,0.5,0.3,Necrotic
3.99088,-0.548862,0.27929178265846183,0.5,0.3,Necrotic
-2.06792,3.36171,0.2735279924144036,0.5,0.3,Necrotic
-0.668425,0.924341,0.2760271425415982,0.5,0.3,Necrotic
6.55016,-7.50008,0.3016012240201356,0.5,0.3,Necrotic
-1.93734,1.89259,0.2743923102354731,0.5,0.3,Necrotic
-1.22296,0.217009,0.27593403402501765,0.5,0.3,Necrotic
-8.35293,8.82728,0.33512223725973755,0.5,0.3,Viable tumour cell
-4.59147,11.1119,0.3311602164926648,0.5,0.3,Viable tumour cell
-4.59309,0.698234,0.2730472599086187,0.5,0.3,Necrotic
-11.6357,6.1399,0.3843040317928534,0.5,0.3,Viable tumour cell
3.84275,-5.55244,0.2856966294069435,0.5,0.3,Necrotic
-2.45,-4.4005,0.27813054733360715,0.5,0.3,Necrotic
-0.376175,17.6669,0.786163647818525,0.5,0.3,Viable tumour cell
1.60529,-16.5838,0.6084572180608749,0.5,0.3,Viable tumour cell
-0.642352,5.34253,0.27506621751538873,0.5,0.3,Necrotic
11.6267,5.94321,0.36668919863809746,0.5,0.3,Viable tumour cell
-15.4542,10.4357,0.8534848049952599,0.5,0.3,Viable tumour cell
-10.074,12.9835,0.6002337734097848,0.5,0.3,Viable tumour cell
1.54051,5.63965,0.2776845953925136,0.5,0.3,Necrotic
1.37096,-18.4048,0.8007889577987377,0.5,0.3,Viable tumour cell
-4.80077,3.1457,0.2697861206272724,0.5,0.3,Necrotic
-9.88637,2.70617,0.2937904817539787,0.5,0.3,Viable tumour cell
-1.25458,-7.78252,0.28244490342168577,0.5,0.3,Necrotic
2.88505,8.74008,0.28263094480086215,0.5,0.3,Necrotic
5.91988,-5.97875,0.291307328178849,0.5,0.3,Necrotic
-6.70171,8.13236,0.29084126075225436,0.5,0.3,Viable tumour cell
-5.29864,11.8438,0.3685732879039565,0.5,0.3,Viable tumour cell
6.7079,3.16415,0.2798656682496101,0.5,0.3,Necrotic
-1.78058,-3.36519,0.277712051118726,0.5,0.3,Necrotic
-3.89239,16.0818,0.6262535866720759,0.5,0.3,Viable tumour cell
-1.58634,2.55675,0.27445718530862756,0.5,0.3,Necrotic
-2.67012,15.2716,0.5357366778927687,0.5,0.3,Viable tumour cell
-8.32186,-0.221948,0.2782768641287281,0.5,0.3,Necrotic
-0.533055,-3.82391,0.27892516107776205,0.5,0.3,Necrotic
2.25556,3.68655,0.27772785967344726,0.5,0.3,Necrotic
9.4165,1.22787,0.28199119164527015,0.5,0.3,Viable tumour cell
-11.1121,1.34843,0.315171951734272,0.5,0.3,Viable tumour cell
1.33424,2.30714,0.27712212526855795,0.5,0.3,Necrotic
-7.6903,9.26453,0.33137048269388414,0.5,0.3,Viable tumour cell
-10.2112,-13.4846,0.7056412374355285,0.5,0.3,Viable tumour cell
-7.12107,-1.4392,0.27316922459359744,0.5,0.3,Necrotic
0.909594,1.25904,0.2771163858810062,0.5,0.3,Necrotic
3.57094,6.4261,0.2795592163210214,0.5,0.3,Necrotic
5.29966,-8.51461,0.3004218520665501,0.5,0.3,Viable tumour cell
-3.72756,4.24485,0.27053981434687313,0.5,0.3,Necrotic
-2.79761,-9.88307,0.3011243364707049,0.5,0.3,Viable tumour cell
-6.10247,-10.9224,0.36469292112205154,0.5,0.3,Viable tumour cell
7.08642,0.0108191,0.27632062227326176,0.5,0.3,Necrotic
0.890454,5.94079,0.27710496322154793,0.5,0.3,Necrotic
-0.630748,-10.3839,0.299469177573251,0.5,0.3,Viable tumour cell
1.20061,-5.96736,0.28071178733120195,0.5,0.3,Necrotic
4.45125,-2.91745,0.28240318770541456,0.5,0.3,Necrotic
5.36202,2.68123,0.27868159355270705,0.5,0.3,Necrotic
1.08135,17.009,0.6824494023626165,0.5,0.3,Viable tumour cell
-4.47012,-0.214082,0.2736308418468162,0.5,0.3,Necrotic
-8.12116,-1.41178,0.27620654134681644,0.5,0.3,Necrotic
2.35517,-10.0618,0.294341000405283,0.5,0.3,Viable tumour cell
-0.240903,-7.84861,0.2796910078046245,0.5,0.3,Necrotic
-8.73204,0.378746,0.2797768721393506,0.5,0.3,Viable tumour cell
-4.27882,9.35894,0.28685127978683184,0.5,0.3,Viable tumour cell
3.07212,10.8828,0.31206491873112696,0.5,0.3,Viable tumour cell
11.7096,6.8273,0.387900214047928,0.5,0.3,Viable tumour cell
11.4992,3.98425,0.33675727713555015,0.5,0.3,Viable tumour cell
15.5811,-5.29174,0.621805965234028,0.5,0.3,Viable tumour cell
-10.3839,3.23335,0.3057566129200823,0.5,0.3,Viable tumour cell
7.65,1.67026,0.2769779703928551,0.5,0.3,Viable tumour cell
-3.23772,6.57135,0.27122384823289003,0.5,0.3,Necrotic
2.66724,-3.81942,0.2817894779915753,0.5,0.3,Necrotic
-4.02919,-5.92239,0.2784945191266782,0.5,0.3,Necrotic
2.46603,3.57797,0.2778459784809683,0.5,0.3,Necrotic
0.668636,-4.92252,0.2802905358916863,0.5,0.3,Necrotic
-4.58881,-3.48161,0.2746484082087171,0.5,0.3,Necrotic
-6.46889,-11.6776,0.4035317860996282,0.5,0.3,Viable tumour cell
9.40798,7.44721,0.3309092490627958,0.5,0.3,Viable tumour cell
-4.36362,6.15638,0.26909759779415016,0.5,0.3,Necrotic
15.1155,-4.58611,0.557165219939907,0.5,0.3,Viable tumour cell
7.05536,-2.46971,0.28197341935432885,0.5,0.3,Necrotic
-5.89829,-9.25643,0.31466361995054265,0.5,0.3,Viable tumour cell
-0.0659158,-4.07913,0.27940829710382037,0.5,0.3,Necrotic
6.13789,6.92417,0.28231552595925413,0.5,0.3,Viable tumour cell
3.51183,-4.19438,0.28323575509926313,0.5,0.3,Necrotic
-1.27246,5.18524,0.2741503146484999,0.5,0.3,Necrotic
-5.07567,-2.62948,0.27330110486231207,0.5,0.3,Necrotic
-11.8157,-6.98994,0.42659554467535493,0.5,0.3,Viable tumour cell
-8.59388,-7.92974,0.3360464169756219,0.5,0.3,Viable tumour cell
-11.1028,2.91188,0.320908164415117,0.5,0.3,Viable tumour cell
-3.37357,2.49317,0.27249498878451883,0.5,0.3,Necrotic
-3.13473,2.76848,0.2725345562292211,0.5,0.3,Necrotic
-6.0628,2.35273,0.2699050399000876,0.5,0.3,Necrotic
5.45334,-7.68864,0.29636032344725605,0.5,0.3,Viable tumour cell
-2.38903,-4.43787,0.27821673426176086,0.5,0.3,Necrotic
-0.725611,-2.91021,0.27819314475290585,0.5,0.3,Necrotic
-3.69004,10.0969,0.2960512424167131,0.5,0.3,Viable tumour cell
-4.02974,-5.03626,0.2773785167817647,0.5,0.3,Necrotic
-0.006562,8.13638,0.27708740051636416,0.5,0.3,Necrotic
-6.62724,-0.758938,0.273660772022014,0.5,0.3,Necrotic
0.999247,5.3439,0.2770384875077623,0.5,0.3,Necrotic
0.62017,7.51044,0.27755119491756675,0.5,0.3,Necrotic
-1.09471,6.83139,0.27463403047781376,0.5,0.3,Necrotic
4.76404,-12.8281,0.40407942350953924,0.5,0.3,Viable tumour cell
2.85171,6.85156,0.27942423299903474,0.5,0.3,Necrotic
-5.47425,4.67735,0.26607735884518213,0.5,0.3,Necrotic
11.5163,-12.4114,0.6545269307671556,0.5,0.3,Viable tumour cell
-1.17004,-4.26558,0.27881654211718415,0.5,0.3,Necrotic
-2.7321,13.1601,0.39441563436528165,0.5,0.3,Viable tumour cell
-13.3857,3.89933,0.43001915303482535,0.5,0.3,Viable tumour cell
13.1161,4.62841,0.4095815287214105,0.5,0.3,Viable tumour cell
0.837869,-6.81699,0.27932066592986554,0.5,0.3,Necrotic
-3.1425,1.25665,0.2736231006543184,0.5,0.3,Necrotic
-9.34318,3.51276,0.2880033223512416,0.5,0.3,Viable tumour cell
3.6199,3.96226,0.2786269621101244,0.5,0.3,Necrotic
5.88122,-3.42735,0.28461503095442225,0.5,0.3,Necrotic
7.49341,-4.02032,0.2884224113815098,0.5,0.3,Necrotic
4.4705,-0.286421,0.27903005821783666,0.5,0.3,Necrotic
-9.46009,4.69779,0.2938462870127546,0.5,0.3,Viable tumour cell
1.12796,-2.09429,0.27906316881122034,0.5,0.3,Necrotic
8.07529,4.22692,0.2853067242157374,0.5,0.3,Necrotic
-0.598572,-4.22507,0.2791679613661417,0.5,0.3,Necrotic
5.58698,-4.2268,0.2861911003207828,0.5,0.3,Necrotic
-6.85555,11.748,0.39783083079653786,0.5,0.3,Viable tumour cell
-4.41605,2.15874,0.27158606811934594,0.5,0.3,Necrotic
-15.1411,0.0108515,0.5200630658520976,0.5,0.3,Viable tumour cell
3.39682,-3.73429,0.28261360856945666,0.5,0.3,Necrotic
3.94704,4.65449,0.2790123996895483,0.5,0.3,Necrotic
-13.5258,-7.56933,0.5560270250280624,0.5,0.3,Viable tumour cell
-5.10788,7.85586,0.273538500317585,0.5,0.3,Viable tumour cell
4.05962,-10.2039,0.30990927336271734,0.5,0.3,Viable tumour cell
3.53666,7.24149,0.2800806586380228,0.5,0.3,Necrotic
-2.8582,2.85633,0.27275384944303244,0.5,0.3,Necrotic
-5.38664,6.20065,0.2669975507976191,0.5,0.3,Necrotic
-1.61405,-7.02904,0.281573962832764,0.5,0.3,Necrotic
-8.62276,14.1524,0.610613459521169,0.5,0.3,Viable tumour cell
0.0370798,-7.01815,0.27980746705032317,0.5,0.3,Necrotic
8.21615,2.46945,0.27988894198816694,0.5,0.3,Necrotic
4.81758,4.6796,0.2794773002119442,0.5,0.3,Necrotic
-3.20492,-1.2305,0.275010398552583,0.5,0.3,Necrotic
-2.01427,-9.61102,0.294651929365203,0.5,0.3,Necrotic
12.0988,-8.47057,0.48039700442230243,0.5,0.3,Viable tumour cell
13.4649,7.15386,0.4894356728323148,0.5,0.3,Viable tumour cell
0.826106,-9.43428,0.2836662438243623,0.5,0.3,Viable tumour cell
-6.98821,-0.103292,0.2743162007142051,0.5,0.3,Necrotic
5.13761,3.71198,0.2793665952848243,0.5,0.3,Necrotic
-8.84665,-0.925626,0.28104311480717026,0.5,0.3,Necrotic
-6.39409,-6.68641,0.2851686964106832,0.5,0.3,Viable tumour cell
-1.61907,-8.67106,0.2858280975212025,0.5,0.3,Necrotic
-3.00263,3.93639,0.27191859518224126,0.5,0.3,Necrotic
2.12061,-5.79994,0.28204573356938895,0.5,0.3,Necrotic
-2.5523,4.67122,0.27231361555320643,0.5,0.3,Necrotic
-11.992,-3.65161,0.3645784552882974,0.5,0.3,Viable tumour cell
3.97669,-1.05666,0.2797075392382198,0.5,0.3,Necrotic
-0.396257,4.78637,0.27530465709680324,0.5,0.3,Necrotic
-2.81203,-8.11981,0.285665125612056,0.5,0.3,Necrotic
-7.59861,-9.31738,0.3488685609999786,0.5,0.3,Viable tumour cell
1.50588,4.95386,0.2773729958525576,0.5,0.3,Necrotic
-16.9705,-7.28132,0.8563972218011493,0.5,0.3,Viable tumour cell
3.80891,-15.5043,0.5469364603085826,0.5,0.3,Viable tumour cell
7.75276,6.28192,0.29023899583691054,0.5,0.3,Necrotic
-1.22797,12.1219,0.3390115912348027,0.5,0.3,Viable tumour cell
1.98943,-4.58993,0.2815020329360622,0.5,0.3,Necrotic
-9.13191,-9.04349,0.3831867120556389,0.5,0.3,Viable tumour cell
3.1776,4.76392,0.2785918839347956,0.5,0.3,Necrotic
-2.6203,-17.9395,0.790559428096669,0.5,0.3,Viable tumour cell
-2.75918,-16.3326,0.6186951554702098,0.5,0.3,Viable tumour cell
1.72632,11.0058,0.3101683975928764,0.5,0.3,Viable tumour cell
6.94315,-5.75997,0.29364780316818345,0.5,0.3,Viable tumour cell
-1.16252,-6.17269,0.2803529603193126,0.5,0.3,Necrotic
-1.85618,-11.3907,0.32872740894900887,0.5,0.3,Viable tumour cell
-0.582778,13.8329,0.416807906488777,0.5,0.3,Viable tumour cell
1.47933,-17.3206,0.6778499519052794,0.5,0.3,Viable tumour cell
-1.58433,2.96587,0.274247868231277,0.5,0.3,Necrotic
2.9618,-4.35848,0.28267993916506184,0.5,0.3,Necrotic
8.92661,-2.18113,0.28451888013726867,0.5,0.3,Viable tumour cell
-0.493579,-13.7576,0.41098621122474127,0.5,0.3,Viable tumour cell
3.24793,-7.20616,0.28583288918467553,0.5,0.3,Necrotic
8.03006,-15.094,0.6920828825237427,0.5,0.3,Viable tumour cell
-6.88119,5.51999,0.2677746530624959,0.5,0.3,Viable tumour cell
-3.26538,2.67916,0.2724677238642686,0.5,0.3,Necrotic
10.9893,5.42869,0.33647215505469286,0.5,0.3,Viable tumour cell
-6.8676,-7.52216,0.2973486118410959,0.5,0.3,Viable tumour cell
-12.4428,7.74045,0.4694892493925526,0.5,0.3,Viable tumour cell
-3.54273,2.71567,0.2720674931404532,0.5,0.3,Necrotic
-5.00179,2.28783,0.27085346855563064,0.5,0.3,Necrotic
5.94963,1.84365,0.27810038003053333,0.5,0.3,Necrotic
2.56676,-6.51036,0.28337085520282773,0.5,0.3,Necrotic
-14.102,-5.93166,0.5315395520622009,0.5,0.3,Viable tumour cell
5.09587,8.33501,0.28687423646743104,0.5,0.3,Viable tumour cell
-7.7087,8.48286,0.31275585399081285,0.5,0.3,Viable tumour cell
-3.27531,-1.6721,0.2751739318256759,0.5,0.3,Necrotic
-4.62479,4.40439,0.26833453191829015,0.5,0.3,Necrotic
-0.719546,15.5176,0.5423873781964341,0.5,0.3,Viable tumour cell
-2.60709,-2.64495,0.27642482950008607,0.5,0.3,Necrotic
-5.62098,-4.99299,0.27539799788993813,0.5,0.3,Necrotic
8.44079,6.82337,0.3037634076054067,0.5,0.3,Viable tumour cell
-3.26668,-15.6348,0.567070953697404,0.5,0.3,Viable tumour cell
6.25779,-2.65389,0.2827521952578679,0.5,0.3,Necrotic
3.48972,-8.78936,0.2904378714963254,0.5,0.3,Necrotic
6.0969,8.84795,0.29934641525626965,0.5,0.3,Viable tumour cell
14.7882,6.66769,0.567395282157149,0.5,0.3,Viable tumour cell
4.85665,-10.3097,0.32162659967293467,0.5,0.3,Viable tumour cell
-5.87907,14.0513,0.5004149122088727,0.5,0.3,Viable tumour cell
-11.0208,-0.836666,0.311998289834631,0.5,0.3,Viable tumour cell
9.42564,6.3859,0.31292794275512004,0.5,0.3,Viable tumour cell
-8.33376,-9.65079,0.37769513767966373,0.5,0.3,Viable tumour cell
1.26373,6.94149,0.2781131152698236,0.5,0.3,Necrotic
-10.1972,-4.36026,0.3126903154984232,0.5,0.3,Viable tumour cell
9.3127,-1.06518,0.2823095065151466,0.5,0.3,Viable tumour cell
-8.60691,1.80228,0.2777567766358636,0.5,0.3,Viable tumour cell
13.4218,0.0206363,0.39557882288142443,0.5,0.3,Viable tumour cell
4.5492,-0.874465,0.2795101163397155,0.5,0.3,Necrotic
10.2841,2.80252,0.2987848336476661,0.5,0.3,Viable tumour cell
-1.97644,6.77508,0.2730783653558938,0.5,0.3,Necrotic
5.88064,3.46869,0.27965690958473644,0.5,0.3,Necrotic
-7.33284,-3.07799,0.2706760014704424,0.5,0.3,Viable tumour cell
-7.94278,-12.5816,0.5019092350188179,0.5,0.3,Viable tumour cell
2.95845,-10.4827,0.3054239299560485,0.5,0.3,Viable tumour cell
-8.17727,15.811,0.7423695909200451,0.5,0.3,Viable tumour cell
-15.6724,-0.897087,0.5704250179373215,0.5,0.3,Viable tumour cell
0.956941,9.44642,0.2836161227096053,0.5,0.3,Viable tumour cell
5.81505,-6.74152,0.29414141766150814,0.5,0.3,Necrotic
11.469,-2.49495,0.3321376819589704,0.5,0.3,Viable tumour cell
-11.7673,-5.23122,0.3806378064090676,0.5,0.3,Viable tumour cell
-6.43408,4.75165,0.2653263731259632,0.5,0.3,Viable tumour cell
10.8573,0.63044,0.30359660061499427,0.5,0.3,Viable tumour cell
0.471978,-7.73943,0.27884885914927376,0.5,0.3,Viable tumour cell
-4.43872,-6.72429,0.2807976652059113,0.5,0.3,Viable tumour cell
8.97346,3.92596,0.2891265787228936,0.5,0.3,Necrotic
-14.2478,-6.96103,0.5830560827472806,0.5,0.3,Viable tumour cell
14.4316,10.3908,0.7370923268373977,0.5,0.3,Viable tumour cell
-0.980566,7.86397,0.27523383136833063,0.5,0.3,Necrotic
4.7298,-7.73463,0.2925013021114348,0.5,0.3,Necrotic
9.73893,12.242,0.5146541032166162,0.5,0.3,Viable tumour cell
7.42655,0.877762,0.2760972244074953,0.5,0.3,Necrotic
-12.1443,1.62494,0.34883717556689525,0.5,0.3,Viable tumour cell
-10.006,-5.05924,0.3158326481123812,0.5,0.3,Viable tumour cell
12.7023,-1.61304,0.3705966078680708,0.5,0.3,Viable tumour cell
-0.985785,13.1401,0.3795318033852093,0.5,0.3,Viable tumour cell
13.9387,-3.28384,0.4491622434943575,0.5,0.3,Viable tumour cell
12.1805,3.24942,0.353654219423735,0.5,0.3,Viable tumour cell
-3.55686,1.96044,0.27270071226386805,0.5,0.3,Necrotic
14.748,-7.64722,0.643238645775394,0.5,0.3,Viable tumour cell
-2.24962,4.07242,0.27296227720731014,0.5,0.3,Necrotic
2.30906,-13.63,0.407068177343554,0.5,0.3,Viable tumour cell
-2.02273,9.84287,0.28407378858738774,0.5,0.3,Viable tumour cell
5.19518,7.3572,0.28239197130026306,0.5,0.3,Necrotic
1.42575,6.14196,0.27777530242833404,0.5,0.3,Necrotic
11.2039,-5.5899,0.36148921793301625,0.5,0.3,Viable tumour cell
7.80527,10.7724,0.3781992900923675,0.5,0.3,Viable tumour cell
0.677772,8.50739,0.27884005171333637,0.5,0.3,Necrotic
12.1878,13.632,0.7641257904610519,0.5,0.3,Viable tumour cell
-2.45337,8.98613,0.2753265822684002,0.5,0.3,Viable tumour cell
1.50574,-15.2144,0.4982583582584987,0.5,0.3,Viable tumour cell
-18.4626,2.28906,0.859902183296168,0.5,0.3,Viable tumour cell
-4.71268,10.2484,0.30876018955654216,0.5,0.3,Viable tumour cell
9.66792,13.884,0.6281268529952584,0.5,0.3,Viable tumour cell
10.0004,7.74748,0.34994292935879434,0.5,0.3,Viable tumour cell
-9.19842,7.41916,0.323637255415609,0.5,0.3,Viable tumour cell
11.2582,-8.77065,0.4459593204644664,0.5,0.3,Viable tumour cell
-9.23318,-2.89452,0.28330290461816293,0.5,0.3,Viable tumour cell
-2.48664,3.28452,0.2730321059943337,0.5,0.3,Necrotic
-15.348,5.56366,0.6248860777800958,0.5,0.3,Viable tumour cell
-3.42335,7.53316,0.2715756041047158,0.5,0.3,Necrotic
-7.47064,-10.0593,0.3670717846459569,0.5,0.3,Viable tumour cell
-1.07971,-9.53958,0.29047024284070405,0.5,0.3,Viable tumour cell
-12.6056,5.80678,0.4250523005969179,0.5,0.3,Viable tumour cell
-4.50112,-0.710554,0.2737484035621217,0.5,0.3,Necrotic
2.79859,7.80277,0.28019640626499803,0.5,0.3,Necrotic
1.20977,-8.52404,0.27892611861533884,0.5,0.3,Viable tumour cell
9.76531,2.00103,0.286496829590956,0.5,0.3,Viable tumour cell
17.6328,-5.40529,0.8450372348677876,0.5,0.3,Viable tumour cell
-4.05218,5.0794,0.26942983503157647,0.5,0.3,Necrotic
6.27908,-8.44336,0.30840933773034906,0.5,0.3,Viable tumour cell
9.32194,8.30844,0.34517970181371493,0.5,0.3,Viable tumour cell
-13.6478,0.626717,0.41910814873696367,0.5,0.3,Viable tumour cell
4.4631,15.0188,0.5278835730417097,0.5,0.3,Viable tumour cell
-2.91853,10.7077,0.3056922845972865,0.5,0.3,Viable tumour cell
-10.081,-6.91508,0.3533587113766776,0.5,0.3,Viable tumour cell
14.2327,-4.6599,0.4944460842683813,0.5,0.3,Viable tumour cell
-11.7711,0.815017,0.33421336393492573,0.5,0.3,Viable tumour cell
0.616456,6.35881,0.2769910066063322,0.5,0.3,Necrotic
4.90174,12.7644,0.400256422389651,0.5,0.3,Viable tumour cell
5.78628,-1.1319,0.27933912688384116,0.5,0.3,Necrotic
10.2114,11.6166,0.5003815237839527,0.5,0.3,Viable tumour cell
-17.1807,4.60404,0.7757528413859518,0.5,0.3,Viable tumour cell
-16.6906,0.472679,0.6651565671999524,0.5,0.3,Viable tumour cell
12.5775,0.013772,0.3570864162068186,0.5,0.3,Viable tumour cell
-7.10236,10.9468,0.3689496694463547,0.5,0.3,Viable tumour cell
-12.3051,8.65057,0.4949928972749196,0.5,0.3,Viable tumour cell
1.91572,5.89966,0.2781495839488983,0.5,0.3,Necrotic
-1.71962,-4.02429,0.27826187399486096,0.5,0.3,Necrotic
0.798985,16.3374,0.614871334102183,0.5,0.3,Viable tumour cell
-11.6166,3.49742,0.34338962923954497,0.5,0.3,Viable tumour cell
-0.904543,-4.56964,0.2792169141368725,0.5,0.3,Necrotic
-7.7464,-2.15921,0.2730854499118671,0.5,0.3,Necrotic
10.0632,5.06847,0.3108766034794833,0.5,0.3,Viable tumour cell
-4.14765,-7.55028,0.2838017744812624,0.5,0.3,Necrotic
-5.03485,-5.90843,0.2785004563140534,0.5,0.3,Necrotic
-10.4644,2.16323,0.30341947555829224,0.5,0.3,Viable tumour cell
-8.60096,-2.07192,0.2779724690251062,0.5,0.3,Viable tumour cell
8.47951,10.3282,0.3816412230161048,0.5,0.3,Viable tumour cell
3.46169,-6.30277,0.28541070755322884,0.5,0.3,Necrotic
-6.63629,1.68307,0.27204116467758105,0.5,0.3,Necrotic
8.6138,11.1107,0.4137175814444818,0.5,0.3,Viable tumour cell
7.68935,-0.742143,0.2760479559270592,0.5,0.3,Viable tumour cell
2.67593,-9.14138,0.2872509291807166,0.5,0.3,Viable tumour cell
-5.14782,-12.6101,0.41616126627128824,0.5,0.3,Viable tumour cell
5.9452,5.1471,0.2801531586882538,0.5,0.3,Necrotic
-5.08342,3.75596,0.2682286902156751,0.5,0.3,Necrotic
2.11346,9.40693,0.28647187209101677,0.5,0.3,Viable tumour cell
-0.640691,-8.69459,0.28326967254269,0.5,0.3,Necrotic
10.0708,8.78682,0.3791125108585896,0.5,0.3,Viable tumour cell
-10.923,-8.35648,0.43022449566278265,0.5,0.3,Viable tumour cell
-11.6978,13.4521,0.7556386223804945,0.5,0.3,Viable tumour cell
6.85224,10.2061,0.3397668415177453,0.5,0.3,Viable tumour cell
-11.9958,-2.39091,0.35224322311193956,0.5,0.3,Viable tumour cell
3.77047,11.2949,0.3302403029745253,0.5,0.3,Viable tumour cell
6.444,-4.17356,0.28739315338183175,0.5,0.3,Necrotic
-11.5243,-4.06247,0.35228095948873994,0.5,0.3,Viable tumour cell
16.9432,-4.89332,0.7419212029617038,0.5,0.3,Viable tumour cell
6.04524,-11.8643,0.38742556160459635,0.5,0.3,Viable tumour cell
11.6089,-7.97334,0.4375890217140757,0.5,0.3,Viable tumour cell
6.11154,7.81953,0.2865077857240658,0.5,0.3,Viable tumour cell
10.0273,-1.95072,0.292980366298856,0.5,0.3,Viable tumour cell
-4.15883,8.44335,0.2758377179194355,0.5,0.3,Viable tumour cell
-4.32239,7.70162,0.2704583046148635,0.5,0.3,Viable tumour cell
-8.40413,3.40163,0.2754461605380789,0.5,0.3,Viable tumour cell
2.98584,-8.16046,0.2851601697018347,0.5,0.3,Viable tumour cell
-2.52528,-7.11882,0.28220039858817647,0.5,0.3,Necrotic
-5.15429,13.5141,0.45190005161763763,0.5,0.3,Viable tumour cell
2.9308,9.82963,0.2921319413404937,0.5,0.3,Viable tumour cell
-4.06902,-9.25421,0.29764013040231946,0.5,0.3,Viable tumour cell
4.34987,16.0113,0.604122154603402,0.5,0.3,Viable tumour cell
1.18628,11.4695,0.319776092556873,0.5,0.3,Viable tumour cell
15.1034,1.54557,0.5041671996584318,0.5,0.3,Viable tumour cell
11.6246,4.94285,0.3517874044157465,0.5,0.3,Viable tumour cell
12.1385,4.29412,0.36213008134383645,0.5,0.3,Viable tumour cell
5.782,-10.2746,0.33256662703014284,0.5,0.3,Viable tumour cell
-5.61087,-11.662,0.38425604949449976,0.5,0.3,Viable tumour cell
13.3752,-12.5494,0.8268622535907424,0.5,0.3,Viable tumour cell
12.3134,-11.0642,0.6180076232824422,0.5,0.3,Viable tumour cell
6.03453,-9.32966,0.31757885443843037,0.5,0.3,Viable tumour cell
-9.14674,10.2951,0.4068546937084131,0.5,0.3,Viable tumour cell
-0.796035,-14.5349,0.4589236999645771,0.5,0.3,Viable tumour cell
-14.7388,6.38002,0.5966331365686822,0.5,0.3,Viable tumour cell
5.12671,-12.0781,0.37869281657062,0.5,0.3,Viable tumour cell
6.19517,10.6485,0.34136697633258994,0.5,0.3,Viable tumour cell
5.80648,17.029,0.764505852450752,0.5,0.3,Viable tumour cell
-2.82195,-11.5254,0.3401110632475194,0.5,0.3,Viable tumour cell
-3.22006,-5.68263,0.2790928497881995,0.5,0.3,Necrotic
8.02552,11.493,0.41185090357852605,0.5,0.3,Viable tumour cell
15.1421,-2.392,0.5208313954124483,0.5,0.3,Viable tumour cell
-0.941039,-11.2252,0.31791575595510346,0.5,0.3,Viable tumour cell
9.65268,-11.3688,0.4826484579698581,0.5,0.3,Viable tumour cell
2.35573,10.312,0.2985025343160233,0.5,0.3,Viable tumour cell
0.109849,8.98627,0.2794268086736174,0.5,0.3,Viable tumour cell
-12.645,-2.82513,0.38464809682693063,0.5,0.3,Viable tumour cell
-13.0267,-2.34835,0.3986278634791464,0.5,0.3,Viable tumour cell
-6.05035,9.55612,0.3084265725111674,0.5,0.3,Viable tumour cell
-1.74728,-18.0228,0.7957612868627205,0.5,0.3,Viable tumour cell
6.64938,-14.1926,0.5426337686320732,0.5,0.3,Viable tumour cell
10.5287,-11.3152,0.5219371762336258,0.5,0.3,Viable tumour cell
-1.69062,13.2864,0.3924767133914776,0.5,0.3,Viable tumour cell
-5.91275,-2.56588,0.27147467041296724,0.5,0.3,Necrotic
-3.18199,8.25776,0.2729179933891821,0.5,0.3,Viable tumour cell
-4.22649,-14.1328,0.47682283966314964,0.5,0.3,Viable tumour cell
-14.449,-11.5855,0.881155747235155,0.5,0.3,Viable tumour cell
-4.81252,6.89406,0.2686913615949718,0.5,0.3,Necrotic
18.0521,1.87152,0.8257464540302955,0.5,0.3,Viable tumour cell
-6.67225,7.14152,0.27661781759137793,0.5,0.3,Viable tumour cell
7.60647,-6.3782,0.3011801449039708,0.5,0.3,Viable tumour cell
-8.34257,-6.06631,0.2978124386936349,0.5,0.3,Viable tumour cell
1.89125,-12.729,0.3639562581635935,0.5,0.3,Viable tumour cell
7.32957,-10.7137,0.37505607285671944,0.5,0.3,Viable tumour cell
-4.98989,5.26821,0.26704244977824143,0.5,0.3,Necrotic
-8.49716,12.0545,0.4645406975073778,0.5,0.3,Viable tumour cell
8.78272,-5.43896,0.30396018278620085,0.5,0.3,Viable tumour cell
0.106381,-8.61347,0.28058096688507106,0.5,0.3,Viable tumour cell
-6.82588,9.93914,0.3324158711731449,0.5,0.3,Viable tumour cell
-14.4138,2.87352,0.47857391988046105,0.5,0.3,Viable tumour cell
-11.9628,-12.2728,0.7220629098510805,0.5,0.3,Viable tumour cell
-10.9101,7.50746,0.38564815028313765,0.5,0.3,Viable tumour cell
-9.79169,15.3841,0.8077340828891321,0.5,0.3,Viable tumour cell
-10.1262,5.05251,0.3127058222968297,0.5,0.3,Viable tumour cell
8.72717,-0.46423,0.27732356810787917,0.5,0.3,Viable tumour cell
7.73366,-5.65173,0.2978660741337493,0.5,0.3,Necrotic
-15.7491,2.09083,0.5716260257126168,0.5,0.3,Viable tumour cell
-12.0308,2.5411,0.348702186695926,0.5,0.3,Viable tumour cell
-10.4752,-12.8531,0.6681895104808137,0.5,0.3,Viable tumour cell
-8.4374,-5.27935,0.28994488782845895,0.5,0.3,Viable tumour cell
3.61889,10.3436,0.30445553711116397,0.5,0.3,Viable tumour cell
2.54063,-11.2464,0.3188618314950791,0.5,0.3,Viable tumour cell
-4.96941,-7.61632,0.2854584998403146,0.5,0.3,Viable tumour cell
17.2013,7.1629,0.8304408846928415,0.5,0.3,Viable tumour cell
9.38189,-3.70809,0.29857830936541535,0.5,0.3,Viable tumour cell
-3.61325,-8.26315,0.2867862317206117,0.5,0.3,Necrotic
-10.2145,-3.04854,0.3021062812464931,0.5,0.3,Viable tumour cell
-4.22385,17.7192,0.8240660730377165,0.5,0.3,Viable tumour cell
-11.5164,1.94112,0.328983315199336,0.5,0.3,Viable tumour cell
-3.57444,10.9801,0.3174945234294732,0.5,0.3,Viable tumour cell
13.1416,3.00543,0.39137866228498247,0.5,0.3,Viable tumour cell
-3.3157,9.22825,0.2806475947072469,0.5,0.3,Viable tumour cell
-7.88298,-7.65763,0.31504325840531966,0.5,0.3,Viable tumour cell
8.65516,-2.84816,0.28629193816699927,0.5,0.3,Viable tumour cell
-5.74992,6.89981,0.2691409036185325,0.5,0.3,Viable tumour cell
8.0658,-4.60505,0.29312599559356967,0.5,0.3,Viable tumour cell
-12.3167,-1.7708,0.3617647407613799,0.5,0.3,Viable tumour cell
6.04351,5.9666,0.2793786454355583,0.5,0.3,Viable tumour cell
-5.79727,-15.0259,0.5850236544189759,0.5,0.3,Viable tumour cell
15.8873,3.29642,0.5827833200357735,0.5,0.3,Viable tumour cell
-10.3399,-0.148833,0.2987695510207311,0.5,0.3,Viable tumour cell
-10.8345,4.75637,0.33088164448200924,0.5,0.3,Viable tumour cell
7.11754,-8.17747,0.31335271954742383,0.5,0.3,Viable tumour cell
-5.11926,-9.22794,0.3038821535871668,0.5,0.3,Viable tumour cell
8.45757,-9.57901,0.3696378535329491,0.5,0.3,Viable tumour cell
0.000229246,-14.564,0.45626641579979665,0.5,0.3,Viable tumour cell
-0.629327,-16.7612,0.6371325521869273,0.5,0.3,Viable tumour cell
15.5071,2.29909,0.5421525013192444,0.5,0.3,Viable tumour cell
10.9131,4.54767,0.324855731339334,0.5,0.3,Viable tumour cell
11.1219,2.94819,0.3164128049813297,0.5,0.3,Viable tumour cell
-2.32784,-8.9629,0.28894207542770234,0.5,0.3,Viable tumour cell
-8.32239,5.03156,0.27781052656460836,0.5,0.3,Viable tumour cell
-2.99114,9.82535,0.28766473471791937,0.5,0.3,Viable tumour cell
-1.60304,8.44593,0.2744113760531124,0.5,0.3,Viable tumour cell
3.22639,-12.3178,0.35893174487556023,0.5,0.3,Viable tumour cell
3.39682,-13.6382,0.42206412543111427,0.5,0.3,Viable tumour cell
-6.90125,3.94221,0.26702616733820894,0.5,0.3,Necrotic
9.98537,0.616966,0.28740050174768383,0.5,0.3,Viable tumour cell
-9.24232,6.47876,0.30768063767124615,0.5,0.3,Viable tumour cell
-5.50662,-6.62334,0.28082532597965804,0.5,0.3,Necrotic
3.52706,-17.3835,0.7126604273166586,0.5,0.3,Viable tumour cell
8.39914,8.6721,0.3325098807099538,0.5,0.3,Viable tumour cell
-4.72371,-16.3588,0.6686192966034791,0.5,0.3,Viable tumour cell
-6.01642,-7.52312,0.2900697371790544,0.5,0.3,Viable tumour cell
-9.28351,-6.49059,0.3216294896605463,0.5,0.3,Viable tumour cell
-13.4811,-5.76041,0.4866949480254174,0.5,0.3,Viable tumour cell
13.1932,-3.07869,0.4054038815036936,0.5,0.3,Viable tumour cell
9.30591,-13.7539,0.6211386884853092,0.5,0.3,Viable tumour cell
16.8134,2.15389,0.6697380657190876,0.5,0.3,Viable tumour cell
-6.42665,-3.35531,0.27079555161477814,0.5,0.3,Viable tumour cell
15.6797,-0.634977,0.5534083778031545,0.5,0.3,Viable tumour cell
-6.48424,-8.25351,0.3050707794736971,0.5,0.3,Viable tumour cell
2.06219,8.24327,0.28100287436446697,0.5,0.3,Necrotic
1.24678,-10.171,0.2922865606674132,0.5,0.3,Viable tumour cell
-0.581636,9.66993,0.28337972039947623,0.5,0.3,Viable tumour cell
-2.92003,11.4369,0.3263116388790597,0.5,0.3,Viable tumour cell
11.5579,8.53116,0.42882457218425424,0.5,0.3,Viable tumour cell
8.95258,-7.83629,0.33998534673928227,0.5,0.3,Viable tumour cell
4.50995,7.85081,0.2818614056584018,0.5,0.3,Viable tumour cell
5.47702,-15.2463,0.5804709922820144,0.5,0.3,Viable tumour cell
6.18408,-13.5073,0.47834280391418366,0.5,0.3,Viable tumour cell
-3.28582,-12.4107,0.376088407085167,0.5,0.3,Viable tumour cell
-2.4988,-10.6534,0.31499678050715774,0.5,0.3,Viable tumour cell
-8.18887,-4.44149,0.2802505496777055,0.5,0.3,Viable tumour cell
-6.16235,-14.2953,0.5443321840897092,0.5,0.3,Viable tumour cell
12.7522,7.01137,0.4421493379090098,0.5,0.3,Viable tumour cell
-16.1864,0.0701046,0.6120355539638334,0.5,0.3,Viable tumour cell
0.641528,-18.7914,0.8557773694945519,0.5,0.3,Viable tumour cell
-4.60659,-10.0194,0.3140138822121957,0.5,0.3,Viable tumour cell
-0.138471,12.5538,0.3547131206789562,0.5,0.3,Viable tumour cell
-1.43045,-12.1589,0.34806121119805217,0.5,0.3,Viable tumour cell
-7.75368,5.64821,0.2756082177123512,0.5,0.3,Viable tumour cell
0.769785,-17.8657,0.7426712735657682,0.5,0.3,Viable tumour cell
13.7396,-8.84504,0.6148306315818493,0.5,0.3,Viable tumour cell
4.40411,-13.7542,0.44532184159644717,0.5,0.3,Viable tumour cell
-11.0176,-7.42233,0.4013714442720333,0.5,0.3,Viable tumour cell
-12.4476,-5.44832,0.4173907101250762,0.5,0.3,Viable tumour cell
11.1495,13.1119,0.6459847671335928,0.5,0.3,Viable tumour cell
9.56444,-5.40008,0.3165307376967085,0.5,0.3,Viable tumour cell
-3.23307,-9.1398,0.29283242428245937,0.5,0.3,Viable tumour cell
2.19987,-14.8734,0.4778881128502247,0.5,0.3,Viable tumour cell
14.5948,3.99811,0.48851773023417533,0.5,0.3,Viable tumour cell
15.2927,-1.58371,0.5252814618404849,0.5,0.3,Viable tumour cell
13.7963,-5.72866,0.49601550078618467,0.5,0.3,Viable tumour cell
-6.40457,10.453,0.33945578034496743,0.5,0.3,Viable tumour cell
-1.95897,10.7567,0.3025665119922149,0.5,0.3,Viable tumour cell
-9.8806,-9.6041,0.4334088367991697,0.5,0.3,Viable tumour cell
-5.1696,12.6872,0.4056366970856873,0.5,0.3,Viable tumour cell
6.09898,9.76325,0.31528222416713403,0.5,0.3,Viable tumour cell
-12.8661,-0.872343,0.37941834125754637,0.5,0.3,Viable tumour cell
-0.837163,-12.992,0.3744976452476081,0.5,0.3,Viable tumour cell
-15.1574,3.35515,0.5390479187211755,0.5,0.3,Viable tumour cell
-11.7158,12.4239,0.673883404137479,0.5,0.3,Viable tumour cell
-7.35441,4.90479,0.2682947748185506,0.5,0.3,Viable tumour cell
12.2372,12.0906,0.6438323035970273,0.5,0.3,Viable tumour cell
-14.0661,8.34756,0.6101791586669902,0.5,0.3,Viable tumour cell
-8.15401,-14.8206,0.6746713454014633,0.5,0.3,Viable tumour cell
-14.7792,-2.57722,0.5118157683025499,0.5,0.3,Viable tumour cell
-7.37248,-8.40423,0.320151048216174,0.5,0.3,Viable tumour cell
-4.51029,15.1711,0.5549895675934968,0.5,0.3,Viable tumour cell
-10.7307,0.486329,0.30576213012647624,0.5,0.3,Viable tumour cell
-10.1934,-7.95181,0.3850605976730238,0.5,0.3,Viable tumour cell
8.4624,-6.30549,0.31010250113190535,0.5,0.3,Viable tumour cell
-4.10585,-15.6358,0.5845676079832658,0.5,0.3,Viable tumour cell
-9.79517,-1.04983,0.2913333255463113,0.5,0.3,Viable tumour cell
11.582,10.6449,0.5176744579406424,0.5,0.3,Viable tumour cell
-16.6081,-2.46053,0.674795988094741,0.5,0.3,Viable tumour cell
0.248673,17.0281,0.6947927473845522,0.5,0.3,Viable tumour cell
10.6321,-0.212033,0.2992033557529309,0.5,0.3,Viable tumour cell
-4.14124,-12.6031,0.39756231666625397,0.5,0.3,Viable tumour cell
-10.4614,11.4337,0.5214341106895544,0.5,0.3,Viable tumour cell
14.7105,-10.2261,0.7996398544385916,0.5,0.3,Viable tumour cell
-0.352918,11.6739,0.323093397724352,0.5,0.3,Viable tumour cell
1.70915,-14.3841,0.44501674681690245,0.5,0.3,Viable tumour cell
-9.15635,-4.57341,0.2934296877892754,0.5,0.3,Viable tumour cell
12.075,-3.25225,0.3600062722933798,0.5,0.3,Viable tumour cell
16.8136,-1.26164,0.6651987575215231,0.5,0.3,Viable tumour cell
-15.0893,-5.52361,0.5908753313142417,0.5,0.3,Viable tumour cell
10.2505,-9.77869,0.43719000796680757,0.5,0.3,Viable tumour cell
2.63692,13.5692,0.4129656954307028,0.5,0.3,Viable tumour cell
-16.286,7.15233,0.8056161533167483,0.5,0.3,Viable tumour cell
-7.65144,-5.79688,0.28662013803531694,0.5,0.3,Viable tumour cell
-6.85772,-9.2248,0.3283463020928082,0.5,0.3,Viable tumour cell
8.1174,-2.23803,0.28087551504770436,0.5,0.3,Necrotic
11.2849,-3.38153,0.334448539126054,0.5,0.3,Viable tumour cell
14.1892,6.37733,0.5129931432245745,0.5,0.3,Viable tumour cell
9.72578,-8.58527,0.37927479444168016,0.5,0.3,Viable tumour cell
-4.52112,12.7549,0.3988726124972116,0.5,0.3,Viable tumour cell
-5.43968,-17.9892,0.8814024006705188,0.5,0.3,Viable tumour cell
11.5962,2.28202,0.3272038906242675,0.5,0.3,Viable tumour cell
10.6093,-5.1354,0.33574553777712896,0.5,0.3,Viable tumour cell
5.5905,-16.0566,0.653428009851734,0.5,0.3,Viable tumour cell
-7.3421,6.56247,0.27790413354081167,0.5,0.3,Viable tumour cell
-6.47288,16.5454,0.7565570318199536,0.5,0.3,Viable tumour cell
16.3775,3.86574,0.6378337335280051,0.5,0.3,Viable tumour cell
11.6779,-13.1174,0.7308685689907921,0.5,0.3,Viable tumour cell
11.8016,14.6196,0.8334762986927087,0.5,0.3,Viable tumour cell
11.5178,9.75437,0.47365293395901376,0.5,0.3,Viable tumour cell
-5.49841,10.2022,0.31652375504087926,0.5,0.3,Viable tumour cell
-12.9021,9.31483,0.5622716543264111,0.5,0.3,Viable tumour cell
2.0977,-15.5532,0.5258590474968322,0.5,0.3,Viable tumour cell
5.19012,10.2169,0.3161303712129667,0.5,0.3,Viable tumour cell
7.84977,9.82119,0.3487616240340149,0.5,0.3,Viable tumour cell
14.7251,9.6,0.7065663825268063,0.5,0.3,Viable tumour cell
-10.8492,-3.73181,0.32466355693413074,0.5,0.3,Viable tumour cell
-11.6658,-5.89744,0.3902409383003193,0.5,0.3,Viable tumour cell
-5.56024,-9.92279,0.32285377535098425,0.5,0.3,Viable tumour cell
3.20946,-9.76063,0.296674661691643,0.5,0.3,Viable tumour cell
2.56099,12.4865,0.3623693595757924,0.5,0.3,Viable tumour cell
-13.7816,-0.863676,0.4288440474997891,0.5,0.3,Viable tumour cell
12.5705,6.15085,0.41247597870031305,0.5,0.3,Viable tumour cell
-9.83269,8.93085,0.383088272641666,0.5,0.3,Viable tumour cell
-14.8163,11.323,0.8519496439324348,0.5,0.3,Viable tumour cell
-17.6115,0.590535,0.7811877977753412,0.5,0.3,Viable tumour cell
16.8353,-2.98169,0.6868803719533136,0.5,0.3,Viable tumour cell
9.52793,11.3058,0.4569173032184617,0.5,0.3,Viable tumour cell
-10.2263,-8.79246,0.416304251282787,0.5,0.3,Viable tumour cell
-11.0212,3.87689,0.3272506041380091,0.5,0.3,Viable tumour cell
-9.58181,-10.6049,0.4647873189813614,0.5,0.3,Viable tumour cell
13.8099,-8.02648,0.5774981673424605,0.5,0.3,Viable tumour cell
12.9166,-9.33976,0.5683243975539676,0.5,0.3,Viable tumour cell
7.89729,12.5686,0.4617439363533362,0.5,0.3,Viable tumour cell
8.64279,-8.85714,0.3553018209594025,0.5,0.3,Viable tumour cell
-10.6157,9.34069,0.4304908653442402,0.5,0.3,Viable tumour cell
10.3698,-8.98283,0.41536960730356454,0.5,0.3,Viable tumour cell
-6.94205,14.6203,0.5793927183137537,0.5,0.3,Viable tumour cell
9.71457,-10.5072,0.4449375934339468,0.5,0.3,Viable tumour cell
-1.04237,16.2274,0.6112423506093313,0.5,0.3,Viable tumour cell
-5.43128,16.6805,0.7291186690801705,0.5,0.3,Viable tumour cell
-6.9633,-4.13444,0.27259576816804737,0.5,0.3,Necrotic
4.0511,12.4073,0.37230818123591547,0.5,0.3,Viable tumour cell
-16.753,6.34089,0.8243431602430604,0.5,0.3,Viable tumour cell
-8.3503,-10.4462,0.4101245623546092,0.5,0.3,Viable tumour cell
-10.1384,1.35641,0.2952416231919761,0.5,0.3,Viable tumour cell
-1.24822,-13.8298,0.4190484512043049,0.5,0.3,Viable tumour cell
-15.3319,1.57513,0.5352952055243627,0.5,0.3,Viable tumour cell
6.72868,14.6632,0.5737620763002871,0.5,0.3,Viable tumour cell
-1.48953,-15.377,0.5228348366904971,0.5,0.3,Viable tumour cell
-13.989,-2.45381,0.4537535092619923,0.5,0.3,Viable tumour cell
8.49571,12.9252,0.5045644500846673,0.5,0.3,Viable tumour cell
12.069,-0.802215,0.3399341687354498,0.5,0.3,Viable tumour cell
-9.15759,13.3954,0.5791643764766357,0.5,0.3,Viable tumour cell
-15.9755,-4.19275,0.6319824806349478,0.5,0.3,Viable tumour cell
11.1602,11.1931,0.5224714011252609,0.5,0.3,Viable tumour cell
-8.93315,-10.9861,0.45392203872051656,0.5,0.3,Viable tumour cell
10.3452,1.23275,0.2943838508191805,0.5,0.3,Viable tumour cell
-7.51106,-13.2856,0.5285926760452386,0.5,0.3,Viable tumour cell
11.9151,7.83101,0.4230143293880394,0.5,0.3,Viable tumour cell
15.4745,4.92743,0.5754232846959051,0.5,0.3,Viable tumour cell
-13.651,-8.33236,0.5970396121570406,0.5,0.3,Viable tumour cell
0.276315,11.0267,0.3063675993516262,0.5,0.3,Viable tumour cell
6.65784,-9.99968,0.34122226538174705,0.5,0.3,Viable tumour cell
12.2736,-11.7467,0.6616982610435864,0.5,0.3,Viable tumour cell
7.55005,-9.84475,0.3556819850028935,0.5,0.3,Viable tumour cell
10.0239,14.8334,0.7369729968903282,0.5,0.3,Viable tumour cell
-13.3227,1.50166,0.40331540655018555,0.5,0.3,Viable tumour cell
10.9394,9.12868,0.4207604758944831,0.5,0.3,Viable tumour cell
10.9398,-13.903,0.7328082581966452,0.5,0.3,Viable tumour cell
13.9484,-0.750436,0.4277891342401952,0.5,0.3,Viable tumour cell
12.7041,-3.83195,0.39295335521354263,0.5,0.3,Viable tumour cell
10.6231,-2.53735,0.3099939768285014,0.5,0.3,Viable tumour cell
-6.73399,8.87748,0.303644447335498,0.5,0.3,Viable tumour cell
9.91246,-4.29016,0.31029902938721304,0.5,0.3,Viable tumour cell
-10.9139,6.62326,0.3646414873917318,0.5,0.3,Viable tumour cell
10.2074,-3.6091,0.3101047623055567,0.5,0.3,Viable tumour cell
-9.9107,9.73801,0.4141536211698836,0.5,0.3,Viable tumour cell
15.9416,-7.2391,0.7409855291283656,0.5,0.3,Viable tumour cell
13.8316,4.56221,0.4478014614606509,0.5,0.3,Viable tumour cell
-11.3774,-3.17918,0.33646198406740624,0.5,0.3,Viable tumour cell
7.63441,16.006,0.7470762933408683,0.5,0.3,Viable tumour cell
3.4116,12.8781,0.38585484415437554,0.5,0.3,Viable tumour cell
-15.7546,3.91104,0.6021921435766809,0.5,0.3,Viable tumour cell
-13.039,-3.94376,0.4179586204449931,0.5,0.3,Viable tumour cell
6.72966,-9.14993,0.32184682973645407,0.5,0.3,Viable tumour cell
7.38705,-14.9469,0.6390974402276588,0.5,0.3,Viable tumour cell
-10.8303,5.73766,0.34372128924633183,0.5,0.3,Viable tumour cell
11.4032,1.44624,0.31913612340576697,0.5,0.3,Viable tumour cell
15.0689,-7.02867,0.6406158600758665,0.5,0.3,Viable tumour cell
-9.98672,6.97923,0.3385233192169655,0.5,0.3,Viable tumour cell
-2.52551,15.9436,0.5939664048865908,0.5,0.3,Viable tumour cell
3.40023,18.4518,0.837285638236887,0.5,0.3,Viable tumour cell
17.1091,4.00951,0.7200428075057816,0.5,0.3,Viable tumour cell
11.4599,-4.96436,0.359711055193503,0.5,0.3,Viable tumour cell
-6.71584,-13.4719,0.5085528907664687,0.5,0.3,Viable tumour cell
-12.2543,5.10472,0.39259785215393245,0.5,0.3,Viable tumour cell
8.51952,9.51254,0.35562226411500797,0.5,0.3,Viable tumour cell
12.3475,10.0365,0.533706246117527,0.5,0.3,Viable tumour cell
-8.30771,-8.64544,0.3479453408028823,0.5,0.3,Viable tumour cell
-8.32425,9.84127,0.3632420629355744,0.5,0.3,Viable tumour cell
-9.09623,-15.2434,0.7680518455323815,0.5,0.3,Viable tumour cell
14.4492,-1.67916,0.4661585408871374,0.5,0.3,Viable tumour cell
-4.30024,13.6828,0.4451155219337744,0.5,0.3,Viable tumour cell
-9.18662,5.55425,0.2958330058038125,0.5,0.3,Viable tumour cell
15.6255,-3.79501,0.5830891672054037,0.5,0.3,Viable tumour cell
-1.2387,14.7502,0.4814609535308393,0.5,0.3,Viable tumour cell
0.920548,12.7698,0.3627875378678602,0.5,0.3,Viable tumour cell
-14.6336,-9.7346,0.7760731650835505,0.5,0.3,Viable tumour cell
-5.90291,8.61342,0.28797072100765525,0.5,0.3,Viable tumour cell
9.12679,-10.3525,0.4167139070006056,0.5,0.3,Viable tumour cell
-12.7286,-8.15471,0.5231967448021189,0.5,0.3,Viable tumour cell
5.30508,13.6481,0.457004518838,0.5,0.3,Viable tumour cell
12.8016,3.69802,0.3829052994480582,0.5,0.3,Viable tumour cell
10.7743,-12.0761,0.5824835146781608,0.5,0.3,Viable tumour cell
9.85656,-7.75989,0.36221007569439423,0.5,0.3,Viable tumour cell
-16.3028,4.73397,0.6871652318604201,0.5,0.3,Viable tumour cell
-4.27272,-10.8491,0.3335435012706411,0.5,0.3,Viable tumour cell
-9.22849,9.44614,0.37877792193229237,0.5,0.3,Viable tumour cell
-11.5614,7.07593,0.4046940749371014,0.5,0.3,Viable tumour cell
10.2603,-5.97833,0.33892361736552085,0.5,0.3,Viable tumour cell
4.18046,13.2587,0.41434276050129704,0.5,0.3,Viable tumour cell
-11.3143,-12.8583,0.7284414632554,0.5,0.3,Viable tumour cell
3.81086,-10.9374,0.3222449399327721,0.5,0.3,Viable tumour cell
10.1676,-12.2243,0.5544851879215709,0.5,0.3,Viable tumour cell
5.94716,14.1127,0.5011191640948398,0.5,0.3,Viable tumour cell
0.114867,-12.7857,0.36452921233630264,0.5,0.3,Viable tumour cell
-4.68306,-11.6133,0.36468314367729837,0.5,0.3,Viable tumour cell
-12.5658,4.09584,0.38986952198229896,0.5,0.3,Viable tumour cell
7.03545,12.0155,0.4089942588611209,0.5,0.3,Viable tumour cell
-11.7541,4.29591,0.3562357225743362,0.5,0.3,Viable tumour cell
-12.5821,13.1861,0.8187101909850567,0.5,0.3,Viable tumour cell
8.7917,-11.2223,0.4396338387776242,0.5,0.3,Viable tumour cell
-6.20356,11.4221,0.3680668708154481,0.5,0.3,Viable tumour cell
6.95173,11.1426,0.370946684075362,0.5,0.3,Viable tumour cell
2.31521,-11.9797,0.3379289837105043,0.5,0.3,Viable tumour cell
4.74358,11.729,0.3552300954819405,0.5,0.3,Viable tumour cell
14.2645,3.06962,0.45657588290392104,0.5,0.3,Viable tumour cell
13.1761,-10.9311,0.6737309726247642,0.5,0.3,Viable tumour cell
-13.7196,9.13547,0.6177735027026676,0.5,0.3,Viable tumour cell
3.48098,16.275,0.6116614222444194,0.5,0.3,Viable tumour cell
-4.62429,-14.7032,0.5248840525714464,0.5,0.3,Viable tumour cell
3.49781,13.7529,0.43235288320700493,0.5,0.3,Viable tumour cell
15.8063,8.1191,0.7215618013994127,0.5,0.3,Viable tumour cell
-4.11357,-17.1728,0.7383222844167918,0.5,0.3,Viable tumour cell
-4.54561,11.9358,0.3607682928740309,0.5,0.3,Viable tumour cell
-12.6996,3.192,0.38318208626130723,0.5,0.3,Viable tumour cell
-15.6904,7.74548,0.7659793115839664,0.5,0.3,Viable tumour cell
-9.31847,-13.5608,0.6501995689070768,0.5,0.3,Viable tumour cell
16.3892,-5.65488,0.7134055308476634,0.5,0.3,Viable tumour cell
-10.3411,13.6376,0.6691755416388999,0.5,0.3,Viable tumour cell
-10.2235,-11.2958,0.5345441209018035,0.5,0.3,Viable tumour cell
1.25183,15.4625,0.5324060093853197,0.5,0.3,Viable tumour cell
3.42752,-11.6998,0.34004173110023317,0.5,0.3,Viable tumour cell
6.19842,-11.011,0.35935167403645485,0.5,0.3,Viable tumour cell
-15.3728,-4.77894,0.5925150299251921,0.5,0.3,Viable tumour cell
12.5801,-2.28549,0.37088359178047503,0.5,0.3,Viable tumour cell
-16.5612,-6.53406,0.7749973391536098,0.5,0.3,Viable tumour cell
-12.5045,6.76278,0.4453273464778774,0.5,0.3,Viable tumour cell
15.6572,0.937028,0.5489474418825239,0.5,0.3,Viable tumour cell
-14.5423,-8.80396,0.7041116159732217,0.5,0.3,Viable tumour cell
3.92583,-14.5554,0.48367414272114984,0.5,0.3,Viable tumour cell
-5.59808,-13.3031,0.4647272805202268,0.5,0.3,Viable tumour cell
-13.1708,6.29744,0.471002290525138,0.5,0.3,Viable tumour cell
-1.95454,16.4021,0.6367493238834397,0.5,0.3,Viable tumour cell
-6.19662,17.3951,0.8438100936063158,0.5,0.3,Viable tumour cell
-16.3558,-3.11728,0.6556839727352017,0.5,0.3,Viable tumour cell
-0.124544,-18.23,0.8108081239695419,0.5,0.3,Viable tumour cell
2.89592,-13.9786,0.4325189265320238,0.5,0.3,Viable tumour cell
4.37675,-17.0676,0.7038973374083796,0.5,0.3,Viable tumour cell
17.1209,-4.1532,0.7454606462214133,0.5,0.3,Viable tumour cell
-13.8026,7.55947,0.5582180757031743,0.5,0.3,Viable tumour cell
8.38596,-12.1657,0.47292184111600494,0.5,0.3,Viable tumour cell
16.8514,5.45551,0.7229088112905736,0.5,0.3,Viable tumour cell
6.09815,-17.7918,0.8658726154698977,0.5,0.3,Viable tumour cell
-10.2722,-11.9065,0.5761586694516089,0.5,0.3,Viable tumour cell
16.3041,8.88949,0.8226675421709516,0.5,0.3,Viable tumour cell
-12.5417,-7.22092,0.4752044084558631,0.5,0.3,Viable tumour cell
-11.4566,11.857,0.6148771762088906,0.5,0.3,Viable tumour cell
7.16407,14.1384,0.5443930732618849,0.5,0.3,Viable tumour cell
-3.5275,12.711,0.38194924666396635,0.5,0.3,Viable tumour cell
2.78167,-13.1742,0.38906040114467605,0.5,0.3,Viable tumour cell
3.77197,-12.8579,0.38893296834428304,0.5,0.3,Viable tumour cell
8.40337,15.2759,0.7058995227468544,0.5,0.3,Viable tumour cell
4.81737,-14.4903,0.5023468474407666,0.5,0.3,Viable tumour cell
-2.69298,-14.717,0.4878969350726411,0.5,0.3,Viable tumour cell
13.2163,6.27552,0.448764759148987,0.5,0.3,Viable tumour cell
4.42204,-11.1856,0.3361214696536437,0.5,0.3,Viable tumour cell
12.0261,-9.4043,0.5123183777286042,0.5,0.3,Viable tumour cell
16.7927,3.17244,0.6735946651419135,0.5,0.3,Viable tumour cell
-2.85532,12.4205,0.36221039224420615,0.5,0.3,Viable tumour cell
-2.3727,-13.8774,0.43171525735955363,0.5,0.3,Viable tumour cell
11.7768,-6.99791,0.4164322679673901,0.5,0.3,Viable tumour cell
12.1605,-5.3316,0.3932416608538162,0.5,0.3,Viable tumour cell
-12.3289,-0.0235925,0.35427463955696936,0.5,0.3,Viable tumour cell
13.4135,-2.37087,0.41071331684840173,0.5,0.3,Viable tumour cell
-13.242,11.7391,0.7525354151687471,0.5,0.3,Viable tumour cell
-1.92137,12.4919,0.3571531068901248,0.5,0.3,Viable tumour cell
16.0829,1.50485,0.5891838531800114,0.5,0.3,Viable tumour cell
14.1448,12.1226,0.8213075369046422,0.5,0.3,Viable tumour cell
11.938,11.3207,0.5765400509169264,0.5,0.3,Viable tumour cell
17.2235,0.262611,0.7172892513061171,0.5,0.3,Viable tumour cell
-12.7492,-9.05078,0.5642123684003257,0.5,0.3,Viable tumour cell
-13.9775,4.67628,0.48175872956928734,0.5,0.3,Viable tumour cell
-12.8586,-12.5318,0.8288948783888186,0.5,0.3,Viable tumour cell
15.9121,-3.10682,0.5968667869653579,0.5,0.3,Viable tumour cell
-14.2274,-1.566,0.4622034435031695,0.5,0.3,Viable tumour cell
-8.68403,15.2871,0.7156066688952271,0.5,0.3,Viable tumour cell
-1.3155,13.9756,0.4278900428237459,0.5,0.3,Viable tumour cell
9.38856,-14.6978,0.7105375651035866,0.5,0.3,Viable tumour cell
-3.12186,-14.0402,0.45211769121008055,0.5,0.3,Viable tumour cell
-11.4439,8.0939,0.4267866206453925,0.5,0.3,Viable tumour cell
-2.15106,-18.8247,0.9028724256300501,0.5,0.3,Viable tumour cell
18.1618,4.14605,0.8525940486113663,0.5,0.3,Viable tumour cell
14.1924,1.60254,0.4422384892506173,0.5,0.3,Viable tumour cell
14.9802,5.81258,0.5572728391636942,0.5,0.3,Viable tumour cell
-2.78266,-13.0758,0.39666270792460456,0.5,0.3,Viable tumour cell
17.4083,-0.599348,0.7386393822939913,0.5,0.3,Viable tumour cell
-17.6682,-2.13858,0.7976562616192827,0.5,0.3,Viable tumour cell
-9.13744,11.3731,0.4550927756950135,0.5,0.3,Viable tumour cell
14.7695,2.5311,0.48567181966993866,0.5,0.3,Viable tumour cell
11.5167,-0.220143,0.32026916627353563,0.5,0.3,Viable tumour cell
-8.8947,-14.3879,0.6835083342154741,0.5,0.3,Viable tumour cell
-13.1002,-0.161908,0.38993398696234916,0.5,0.3,Viable tumour cell
11.4154,12.0792,0.5892271357611507,0.5,0.3,Viable tumour cell
-7.40288,-11.7524,0.4363045413904423,0.5,0.3,Viable tumour cell
6.75208,-12.5108,0.43892463829808004,0.5,0.3,Viable tumour cell
12.8856,-10.0471,0.6030188528297401,0.5,0.3,Viable tumour cell
-5.66671,-16.1696,0.6824938834993873,0.5,0.3,Viable tumour cell
0.498358,17.9673,0.8226227471929005,0.5,0.3,Viable tumour cell
5.55163,-12.7827,0.4194827449126368,0.5,0.3,Viable tumour cell
8.63541,-14.5393,0.6601488602933366,0.5,0.3,Viable tumour cell
1.51786,16.6388,0.642066129889086,0.5,0.3,Viable tumour cell
-14.5372,10.3658,0.7586743576953753,0.5,0.3,Viable tumour cell
0.215364,13.1372,0.37980760553272563,0.5,0.3,Viable tumour cell
-0.275056,14.6533,0.47144705650585356,0.5,0.3,Viable tumour cell
0.909253,-14.3994,0.44461020518416194,0.5,0.3,Viable tumour cell
14.4275,-9.3411,0.7109527468882473,0.5,0.3,Viable tumour cell
-9.77957,11.9013,0.5124174541743244,0.5,0.3,Viable tumour cell
2.67104,-18.7157,0.8397301001870514,0.5,0.3,Viable tumour cell
-13.8495,-4.14409,0.46706486371825845,0.5,0.3,Viable tumour cell
-6.18624,12.1581,0.3989888735215711,0.5,0.3,Viable tumour cell
5.77614,-13.9384,0.49214156459211017,0.5,0.3,Viable tumour cell
-14.7209,-0.897634,0.4925957422416992,0.5,0.3,Viable tumour cell
14.4485,7.33931,0.5639965219575895,0.5,0.3,Viable tumour cell
13.2737,1.7002,0.39143661259267604,0.5,0.3,Viable tumour cell
-8.20476,-14.0724,0.6154520616565653,0.5,0.3,Viable tumour cell
-14.2303,-4.9634,0.5129014065166557,0.5,0.3,Viable tumour cell
11.3695,13.8383,0.7244123985245758,0.5,0.3,Viable tumour cell
-8.66009,-13.1846,0.5764993643482248,0.5,0.3,Viable tumour cell
13.7512,8.07131,0.5401965102544917,0.5,0.3,Viable tumour cell
12.6048,8.57748,0.4886129530057167,0.5,0.3,Viable tumour cell
10.9743,8.27751,0.39668320239761834,0.5,0.3,Viable tumour cell
15.0057,3.06476,0.5048433008832791,0.5,0.3,Viable tumour cell
-6.5372,-16.6071,0.7736147304551539,0.5,0.3,Viable tumour cell
-5.18358,-14.2751,0.5107946873671707,0.5,0.3,Viable tumour cell
-4.89208,-17.2051,0.7627386152674596,0.5,0.3,Viable tumour cell
17.8988,0.887376,0.8114681609244768,0.5,0.3,Viable tumour cell
-17.1139,1.499,0.707103635808382,0.5,0.3,Viable tumour cell
13.8549,0.979678,0.41923330767789085,0.5,0.3,Viable tumour cell
10.4737,14.0622,0.6869648026485775,0.5,0.3,Viable tumour cell
-6.31782,14.8503,0.5778043728519465,0.5,0.3,Viable tumour cell
17.6862,-3.48372,0.803551053702674,0.5,0.3,Viable tumour cell
-10.7306,8.44507,0.40576143411150095,0.5,0.3,Viable tumour cell
13.4213,8.70653,0.545212202702377,0.5,0.3,Viable tumour cell
15.4369,-7.80558,0.7219221355890548,0.5,0.3,Viable tumour cell
-17.0373,-1.47487,0.7130845335843148,0.5,0.3,Viable tumour cell
-2.63129,17.0163,0.7095526833024652,0.5,0.3,Viable tumour cell
-17.1708,-0.151111,0.7257878727366014,0.5,0.3,Viable tumour cell
-17.2397,-3.01843,0.7519124230900298,0.5,0.3,Viable tumour cell
-13.925,-10.0774,0.724132958767576,0.5,0.3,Viable tumour cell
13.6522,-9.91371,0.664309208715424,0.5,0.3,Viable tumour cell
15.6452,-8.72409,0.8123105128756758,0.5,0.3,Viable tumour cell
-9.02951,12.434,0.5074247314064085,0.5,0.3,Viable tumour cell
-4.7752,-13.3183,0.4434327363229124,0.5,0.3,Viable tumour cell
-1.06442,-16.0825,0.5785221998536891,0.5,0.3,Viable tumour cell
-14.8935,-4.16516,0.5431294487292802,0.5,0.3,Viable tumour cell
-13.4155,-1.37855,0.4117567128784285,0.5,0.3,Viable tumour cell
-12.0452,-14.7098,0.971308155023834,0.5,0.3,Macrophage
-17.8539,-4.34514,0.8490761419760398,0.5,0.3,Macrophage
-15.4787,-9.19591,0.8359628315910326,0.5,0.3,Macrophage
12.783,12.8747,0.7464597719515313,0.5,0.3,Macrophage
-13.4421,12.7631,0.8779980627625957,0.5,0.3,Macrophage
11.7801,-15.4993,0.9380385513783125,0.5,0.3,Macrophage
-17.492,-6.34763,0.871748063194785,0.5,0.3,Macrophage
-17.3156,7.60657,0.9569769039742888,0.5,0.3,Macrophage
-14.2744,12.1285,0.8763466633914578,0.5,0.3,Macrophage
18.2243,0.0168327,0.8601001484059776,0.5,0.3,Macrophage
-4.42928,-18.0708,0.8572296085030038,0.5,0.3,Macrophage
16.6278,-10.5042,1.0000000001787155,0.5,0.3,Macrophage
18.8962,1.29246,0.9712223374411786,0.5,0.3,Macrophage
16.6886,6.33896,0.7348862092444748,0.5,0.3,Macrophage
12.7419,14.4813,0.9090101834068676,0.5,0.3,Macrophage
18.4805,3.00913,0.9112836180214021,0.5,0.3,Macrophage
-1.46225,-19.706,1.0000000001787155,0.5,0.3,Macrophage
19.0656,-3.03421,1.0000000001787155,0.5,0.3,Macrophage
18.337,6.74458,0.9302687944056514,0.5,0.3,Macrophage
19.3716,2.61253,0.9991943098395318,0.5,0.3,Macrophage
-1.27072,17.9881,0.8358422211377108,0.5,0.3,Macrophage
19.2969,4.9284,1.0000000001787155,0.5,0.3,Macrophage
14.5323,-12.4689,0.9114570037322693,0.5,0.3,Macrophage
1.86805,-19.1761,0.893571070087614,0.5,0.3,Macrophage
13.7138,11.1789,0.713771495790344,0.5,0.3,Macrophage
-11.2235,14.1499,0.7852428818475529,0.5,0.3,Macrophage
8.59453,16.2608,0.8486597985519073,0.5,0.3,Macrophage
-18.281,-2.93023,0.8917464615427564,0.5,0.3,Macrophage
-4.6377,18.653,0.949502341651283,0.5,0.3,Macrophage
13.5544,-13.4798,0.9232198322882368,0.5,0.3,Macrophage
17.1071,-6.15105,0.8172711282452911,0.5,0.3,Macrophage
-19.0823,0.771995,1.0000000001787155,0.5,0.3,Macrophage
-5.82243,-17.1462,0.796683666652468,0.5,0.3,Macrophage
-10.9405,-14.7204,0.9480940272861142,0.5,0.3,Macrophage
9.34595,15.6651,0.8014906431844026,0.5,0.3,Macrophage
-18.095,1.44513,0.8368563365443914,0.5,0.3,Macrophage
15.2976,12.0799,0.9406471783183719,0.5,0.3,Macrophage
9.95951,-16.3409,0.9181428590751407,0.5,0.3,Macrophage
-4.10454,-19.0818,1.0000000001787155,0.5,0.3,Macrophage
-16.0706,-7.57313,0.7730885089925095,0.5,0.3,Macrophage
17.1883,1.495,0.7117630565431411,0.5,0.3,Macrophage
-16.1536,9.78964,0.9003764774586477,0.5,0.3,Macrophage
-8.04887,-17.6554,0.9598183923051125,0.5,0.3,Macrophage
-18.09,5.20109,0.9276855860596764,0.5,0.3,Macrophage
-3.23076,17.946,0.8410993373853523,0.5,0.3,Macrophage
-18.2279,-0.15375,0.8744440750397215,0.5,0.3,Macrophage
-9.08157,-16.2607,0.8568563362581276,0.5,0.3,Macrophage
5.92863,-18.7602,0.9713282347828134,0.5,0.3,Macrophage
1.34066,-19.9969,0.999613095262606,0.5,0.3,Macrophage
8.76986,17.5837,1.0000000001787155,0.5,0.3,Macrophage
10.9289,16.4096,0.9472925055660104,0.5,0.3,Macrophage
17.4774,8.71044,0.9498314206651653,0.5,0.3,Macrophage
12.6069,-13.6182,0.8792549419968244,0.5,0.3,Macrophage
-7.20458,17.1412,0.8603797064438382,0.5,0.3,Macrophage
3.17288,-19.6223,0.9531371945750089,0.5,0.3,Macrophage
-10.9372,-15.8967,0.9940938658460158,0.5,0.3,Macrophage
-6.98689,-17.5273,0.9239921107379006,0.5,0.3,Macrophage
15.3269,-9.50678,0.8472932250084332,0.5,0.3,Macrophage
-18.0298,3.16377,0.8194217702263911,0.5,0.3,Macrophage
17.8388,-2.52723,0.8033386178120758,0.5,0.3,Macrophage
17.7261,9.8844,0.988903421768683,0.5,0.3,Macrophage
15.3439,10.5319,0.8476014128821473,0.5,0.3,Macrophage
15.5021,-12.3789,0.9902296109277766,0.5,0.3,Macrophage
5.99212,-16.8596,0.7589714021385942,0.5,0.3,Macrophage
6.92855,16.6225,0.783525772802765,0.5,0.3,Macrophage
4.66755,-18.9757,0.9676438807214252,0.5,0.3,Macrophage
14.2296,13.0913,0.9066925690576692,0.5,0.3,Macrophage
17.2458,10.8739,1.0000000001787155,0.5,0.3,Macrophage
-18.3981,7.53861,1.0000000001787155,0.5,0.3,Macrophage
6.77847,17.626,0.9138796970420768,0.5,0.3,Macrophage
-16.5053,8.30354,0.9097491425362041,0.5,0.3,Macrophage
4.89393,17.5451,0.7731445889911874,0.5,0.3,Macrophage
-12.1971,-13.2461,0.8406465879563904,0.5,0.3,Macrophage
-18.6621,-1.03491,0.9461565353956549,0.5,0.3,Macrophage
-7.39462,-16.1694,0.7632189462045884,0.5,0.3,Macrophage
9.05056,-15.5287,0.7887015076185132,0.5,0.3,Macrophage
-6.00246,18.3381,0.9396077171147028,0.5,0.3,Macrophage
-17.1543,5.46845,0.8297005422576424,0.5,0.3,Macrophage
-3.15098,-18.8487,0.9140702957476963,0.5,0.3,Macrophage
16.7048,9.78046,0.9446532057095867,0.5,0.3,Macrophage
7.09364,-17.8081,0.921579778545558,0.5,0.3,Macrophage
-1.09497,-18.7995,0.9586917971206577,0.5,0.3,Macrophage
-0.252382,-19.2831,0.9551456599438022,0.5,0.3,Macrophage
7.78257,-16.7782,0.9244886136593202,0.5,0.3,Macrophage
-9.88292,-16.9194,0.9827197442882452,0.5,0.3,Macrophage
-9.90537,-14.5395,0.7841981152422488,0.5,0.3,Macrophage
-15.8652,6.42267,0.7139260815741291,0.5,0.3,Macrophage
10.9995,-14.8341,0.8124831163423984,0.5,0.3,Macrophage
11.6015,15.5813,0.9208497637889739,0.5,0.3,Macrophage
-18.9343,-1.94866,0.9893798310759312,0.5,0.3,Macrophage
-17.7085,6.59846,0.9681239574973862,0.5,0.3,Macrophage
18.1027,5.21824,0.871049358174866,0.5,0.3,Macrophage
18.1681,7.79822,0.9969378572305226,0.5,0.3,Macrophage
17.9469,-4.47897,0.857461208292846,0.5,0.3,Macrophage
15.7478,-10.8712,0.9668533724769028,0.5,0.3,Macrophage
-14.7922,-10.6327,0.8465161453428456,0.5,0.3,Macrophage
2.72054,19.1717,0.9148943871212972,0.5,0.3,Macrophage
-13.5055,-11.7989,0.8117977886904213,0.5,0.3,Macrophage
7.75065,17.9141,0.9856484389012128,0.5,0.3,Macrophage
-13.822,11.0774,0.7486692920301051,0.5,0.3,Macrophage
-6.64438,15.5346,0.6509326885692348,0.5,0.3,Viable tumour cell
-16.1173,5.54982,0.7012167636457957,0.5,0.3,Viable tumour cell
-13.8918,-11.0181,0.7839284963454883,0.5,0.3,Viable tumour cell
-10.3081,14.6858,0.7707296697638011,0.5,0.3,Viable tumour cell
-12.5825,-11.5676,0.7116428123172508,0.5,0.3,Viable tumour cell
-1.24633,-17.0825,0.675472815082772,0.5,0.3,Viable tumour cell
15.3596,7.40708,0.6461020782014599,0.5,0.3,Viable tumour cell
0.394494,14.9869,0.49402668223472535,0.5,0.3,Viable tumour cell
-6.84939,12.8559,0.4526209800052783,0.5,0.3,Viable tumour cell
-11.2503,-10.3339,0.5347419804376543,0.5,0.3,Viable tumour cell
8.78737,-12.8834,0.5322493120101992,0.5,0.3,Viable tumour cell
-15.3229,-3.31019,0.5633568529550446,0.5,0.3,Viable tumour cell
-11.7678,-11.2899,0.6302487043635874,0.5,0.3,Viable tumour cell
14.9322,-3.09137,0.5126896299493081,0.5,0.3,Viable tumour cell
16.3631,-3.70367,0.6510861096317879,0.5,0.3,Viable tumour cell
-3.71165,-16.2556,0.6297456958332819,0.5,0.3,Viable tumour cell
10.0999,10.7558,0.4525349219515317,0.5,0.3,Viable tumour cell
-13.3643,-4.63532,0.4489983639427138,0.5,0.3,Viable tumour cell
14.2824,5.66186,0.49962582488206114,0.5,0.3,Viable tumour cell
4.56893,14.1698,0.4735337099838831,0.5,0.3,Viable tumour cell
10.7379,-10.5325,0.49505421088865004,0.5,0.3,Viable tumour cell
-4.55186,16.9726,0.7376467395800959,0.5,0.3,Viable tumour cell
7.6956,-14.1645,0.5811915923063029,0.5,0.3,Viable tumour cell
-14.5655,2.01072,0.4801821285422112,0.5,0.3,Viable tumour cell
-3.52699,-17.8249,0.7993999724657221,0.5,0.3,Viable tumour cell
14.4103,-4.0318,0.4914471978288848,0.5,0.3,Viable tumour cell
-15.2437,6.95244,0.6683961691516187,0.5,0.3,Viable tumour cell
15.7477,9.65819,0.8273198781260229,0.5,0.3,Viable tumour cell
-13.4741,-3.14176,0.43147136943058095,0.5,0.3,Viable tumour cell
4.65199,-16.0484,0.6156053292064061,0.5,0.3,Viable tumour cell
-7.29216,15.2643,0.6499444757942279,0.5,0.3,Viable tumour cell
-0.325385,-15.4478,0.519420718903234,0.5,0.3,Viable tumour cell
6.47926,13.5729,0.48056989124474114,0.5,0.3,Viable tumour cell
13.0681,-8.26228,0.5318048330790636,0.5,0.3,Viable tumour cell
-14.6137,5.14748,0.5420482250062816,0.5,0.3,Viable tumour cell
8.70677,12.0985,0.46491465365215473,0.5,0.3,Viable tumour cell
-15.3408,-8.28034,0.7432317591062656,0.5,0.3,Viable tumour cell
16.1984,-2.08419,0.6068635678653275,0.5,0.3,Viable tumour cell
4.19028,16.8141,0.6759403434923437,0.5,0.3,Viable tumour cell
-11.3239,8.87804,0.44797510575290567,0.5,0.3,Viable tumour cell
-8.97284,15.9846,0.8124681317069194,0.5,0.3,Viable tumour cell
0.323477,-15.352,0.5093831554836427,0.5,0.3,Viable tumour cell
-5.05722,15.9698,0.6427836539660483,0.5,0.3,Viable tumour cell
6.74179,15.6652,0.6646144522660422,0.5,0.3,Viable tumour cell
-13.3528,-6.48557,0.5006094366772097,0.5,0.3,Viable tumour cell
12.4816,-7.61847,0.4721002494764991,0.5,0.3,Viable tumour cell
-15.5191,8.66884,0.7812859451261087,0.5,0.3,Viable tumour cell
14.265,0.0333959,0.4429756594538303,0.5,0.3,Viable tumour cell
5.94102,15.2846,0.5952910934690212,0.5,0.3,Viable tumour cell
-17.6504,-5.361,0.848772999709362,0.5,0.3,Viable tumour cell
6.49035,12.4773,0.4204419137011326,0.5,0.3,Viable tumour cell
-3.74222,-14.753,0.508480440894776,0.5,0.3,Viable tumour cell
-2.39544,13.9898,0.43735155415154714,0.5,0.3,Viable tumour cell
-17.4941,2.21057,0.750788504866831,0.5,0.3,Viable tumour cell
-8.24816,-11.6638,0.4614247888131792,0.5,0.3,Viable tumour cell
0.799272,-16.8147,0.6278948463455853,0.5,0.3,Viable tumour cell
5.72947,13.0888,0.43487662364573165,0.5,0.3,Viable tumour cell
-14.6996,0.68585,0.48552775676640947,0.5,0.3,Viable tumour cell
-12.0564,-9.56081,0.5425586494733002,0.5,0.3,Viable tumour cell
11.3725,-10.584,0.5302316980510797,0.5,0.3,Viable tumour cell
-6.6527,-14.8391,0.6043493318275714,0.5,0.3,Viable tumour cell
-18.0989,4.19572,0.8581194122841491,0.5,0.3,Viable tumour cell
8.93892,14.7769,0.679979584884897,0.5,0.3,Viable tumour cell
4.47842,18.4071,0.8514263304639678,0.5,0.3,Viable tumour cell
-0.0680057,15.7838,0.563276972578575,0.5,0.3,Viable tumour cell
10.8135,-15.8325,0.898048158945856,0.5,0.3,Viable tumour cell
-10.9965,-11.0446,0.5589338131479427,0.5,0.3,Viable tumour cell
-8.17789,-16.6341,0.8454365783303917,0.5,0.3,Viable tumour cell
-0.330065,16.4642,0.6335230410025301,0.5,0.3,Viable tumour cell
-12.6563,10.0937,0.5852620329737993,0.5,0.3,Viable tumour cell
-12.1815,14.0886,0.8490855602976662,0.5,0.3,Viable tumour cell
2.73048,16.4648,0.62139050393392,0.5,0.3,Viable tumour cell
-11.2037,10.0504,0.4896916064342778,0.5,0.3,Viable tumour cell
16.0951,-1.47206,0.5931966027870766,0.5,0.3,Viable tumour cell
-15.2622,9.64117,0.7883741226162406,0.5,0.3,Viable tumour cell
-3.62286,17.0326,0.7252388542657157,0.5,0.3,Viable tumour cell
-2.30353,-17.2087,0.700880184598605,0.5,0.3,Viable tumour cell
14.2465,-7.07357,0.5756908452433516,0.5,0.3,Viable tumour cell
2.51564,-16.6296,0.6207202776301899,0.5,0.3,Viable tumour cell
11.8239,-14.175,0.8424639738071694,0.5,0.3,Viable tumour cell
11.4647,-11.2885,0.5786561249431552,0.5,0.3,Viable tumour cell
-4.81222,14.3853,0.501070523889968,0.5,0.3,Viable tumour cell
-16.0682,3.12671,0.6155700836375069,0.5,0.3,Viable tumour cell
-7.43327,13.3513,0.5032851841960859,0.5,0.3,Viable tumour cell
14.736,11.259,0.8300557199988478,0.5,0.3,Viable tumour cell
-16.604,2.12287,0.6529852515847079,0.5,0.3,Viable tumour cell
16.8562,-7.09674,0.839872748566113,0.5,0.3,Viable tumour cell
12.2131,9.39,0.4964717816948607,0.5,0.3,Viable tumour cell
1.87566,15.7257,0.5530789857106879,0.5,0.3,Viable tumour cell
-13.3667,5.52945,0.4637106025812086,0.5,0.3,Viable tumour cell
-12.4414,12.2092,0.7221301081913286,0.5,0.3,Viable tumour cell
-15.6622,-6.69563,0.6887170871525806,0.5,0.3,Viable tumour cell
15.7959,6.41305,0.6471148692441395,0.5,0.3,Viable tumour cell
14.6076,0.894662,0.4663572427758856,0.5,0.3,Viable tumour cell
14.7784,-11.1609,0.8541713817956422,0.5,0.3,Viable tumour cell
11.7596,12.8609,0.666290819472411,0.5,0.3,Viable tumour cell
-14.5737,8.78735,0.678094179034674,0.5,0.3,Viable tumour cell
-9.56712,-12.7372,0.5970174805915471,0.5,0.3,Viable tumour cell
-10.8115,13.1796,0.6634328883544838,0.5,0.3,Viable tumour cell
11.1654,-9.78658,0.48113552457861986,0.5,0.3,Viable tumour cell
10.1068,-13.4594,0.6384907936226475,0.5,0.3,Viable tumour cell
10.2267,-14.3316,0.7180291665091338,0.5,0.3,Viable tumour cell
6.0074,16.1269,0.6742138598085293,0.5,0.3,Viable tumour cell
-14.2239,9.70573,0.6922721664508038,0.5,0.3,Viable tumour cell
-8.27048,12.588,0.4870587224884691,0.5,0.3,Viable tumour cell
3.62374,15.1777,0.5250304213867087,0.5,0.3,Viable tumour cell
-8.02742,14.9196,0.646458411831306,0.5,0.3,Viable tumour cell
-8.85787,-12.4585,0.5393049045056991,0.5,0.3,Viable tumour cell
14.4117,-6.21233,0.556431351463127,0.5,0.3,Viable tumour cell
-16.426,3.82331,0.6640177117918903,0.5,0.3,Viable tumour cell
-16.9905,2.9852,0.6984206885961045,0.5,0.3,Viable tumour cell
15.426,-5.9752,0.6322643712938686,0.5,0.3,Viable tumour cell
-5.11378,17.586,0.8281087300405169,0.5,0.3,Viable tumour cell
-2.08796,14.7818,0.4907878224148886,0.5,0.3,Viable tumour cell
14.8262,-5.41783,0.559130453271729,0.5,0.3,Viable tumour cell
-0.806338,-17.8014,0.7658994440303468,0.5,0.3,Viable tumour cell
-15.2312,-1.54948,0.5377652160294734,0.5,0.3,Viable tumour cell
-14.0765,6.69842,0.54886761845014,0.5,0.3,Viable tumour cell
-11.0541,-13.6863,0.8017644910873822,0.5,0.3,Viable tumour cell
-5.12338,-15.6001,0.6107582549422802,0.5,0.3,Viable tumour cell
9.02227,-11.9938,0.48724047137789783,0.5,0.3,Viable tumour cell
2.02891,15.021,0.4992421815950108,0.5,0.3,Viable tumour cell
-13.788,-9.39348,0.6703465720237691,0.5,0.3,Viable tumour cell
16.1079,-4.43702,0.6432051024312553,0.5,0.3,Viable tumour cell
16.7501,7.95546,0.822274113001853,0.5,0.3,Viable tumour cell
17.68,-1.60588,0.7692073062305826,0.5,0.3,Viable tumour cell
-3.63879,15.4468,0.5647503542709823,0.5,0.3,Viable tumour cell
-16.6402,-0.834562,0.6657319537465053,0.5,0.3,Viable tumour cell
10.78,-12.8056,0.6320910228559679,0.5,0.3,Viable tumour cell
7.97701,13.4611,0.5222390632844192,0.5,0.3,Viable tumour cell
5.01519,-16.7934,0.6996898034630943,0.5,0.3,Viable tumour cell
-0.140752,-17.3519,0.6942843418601177,0.5,0.3,Viable tumour cell
16.1506,5.70972,0.6580564968774026,0.5,0.3,Viable tumour cell
6.26119,-15.8616,0.6672856722470053,0.5,0.3,Viable tumour cell
-16.8254,-5.73029,0.7655868315735248,0.5,0.3,Viable tumour cell
17.519,2.44729,0.7565752259720389,0.5,0.3,Viable tumour cell
5.96341,-14.6655,0.5516299356253791,0.5,0.3,Viable tumour cell
-13.0417,7.29168,0.4925210594799051,0.5,0.3,Viable tumour cell
-15.4575,4.90447,0.6081280720190387,0.5,0.3,Viable tumour cell
16.1479,2.80255,0.6035914779171935,0.5,0.3,Viable tumour cell
12.9803,10.6207,0.6112540308650088,0.5,0.3,Viable tumour cell
17.3723,4.7529,0.765428732402589,0.5,0.3,Viable tumour cell
3.05155,-15.7151,0.5503535374491105,0.5,0.3,Viable tumour cell
-1.81099,15.4338,0.542005137073019,0.5,0.3,Viable tumour cell
-9.55109,13.86,0.6380482797174388,0.5,0.3,Viable tumour cell
