x,y,Oxygen,quiescenceThreshold,hypoxiaThreshold,PointType
0.0269903,-0.0155469,0.271438558634612,0.5,0.3,Necrotic
-3.81845,11.0822,0.3459766333739722,0.5,0.3,Viable tumour cell
-0.827532,0.331567,0.2717202260691251,0.5,0.3,Necrotic
11.7158,-5.69151,0.4389260885357496,0.5,0.3,Viable tumour cell
9.27757,-13.7207,0.7193668763037766,0.5,0.3,Viable tumour cell
0.69036,0.921986,0.270139875626036,0.5,0.3,Necrotic
-2.28995,1.86482,0.27202939510729396,0.5,0.3,Necrotic
9.89114,10.1555,0.4869408010071786,0.5,0.3,Viable tumour cell
11.7579,2.91608,0.37801426864294585,0.5,0.3,Viable tumour cell
-0.654441,-0.294744,0.27207729883983706,0.5,0.3,Necrotic
5.01115,-0.926107,0.27174212989175694,0.5,0.3,Necrotic
-0.54967,-0.15463,0.271913273044343,0.5,0.3,Necrotic
0.707882,0.284896,0.2707947297949423,0.5,0.3,Necrotic
10.1396,-6.5329,0.3791119906591138,0.5,0.3,Viable tumour cell
-18.0138,-4.18573,0.8684886888610506,0.5,0.3,Viable tumour cell
-1.01022,-3.47195,0.2739262499457065,0.5,0.3,Necrotic
-9.50858,-9.06588,0.4129798597666991,0.5,0.3,Viable tumour cell
3.84772,1.44488,0.26901175305679925,0.5,0.3,Necrotic
-0.96331,0.699969,0.2715023942216123,0.5,0.3,Necrotic
-14.6833,-6.20942,0.6144090840285812,0.5,0.3,Viable tumour cell
-0.252295,-0.754528,0.27217626251457966,0.5,0.3,Necrotic
-6.99641,-7.86801,0.30810646426303234,0.5,0.3,Viable tumour cell
-0.63299,-0.473875,0.2721815878066645,0.5,0.3,Necrotic
1.44174,0.0771303,0.27074846076015213,0.5,0.3,Necrotic
-0.265265,-0.0989118,0.2716833839723393,0.5,0.3,Necrotic
-0.546764,4.45746,0.2652459073081623,0.5,0.3,Necrotic
1.477,1.17533,0.269518242894192,0.5,0.3,Necrotic
0.308876,0.0994723,0.2711837920005627,0.5,0.3,Necrotic
6.46614,0.376562,0.2704324031804751,0.5,0.3,Necrotic
-5.23162,-8.3037,0.2940193881560263,0.5,0.3,Viable tumour cell
-11.7493,-11.8615,0.7066491471063473,0.5,0.3,Viable tumour cell
-12.6761,8.17956,0.5878401731172325,0.5,0.3,Viable tumour cell
12.1501,-1.61628,0.40241023499676004,0.5,0.3,Viable tumour cell
-2.7137,0.197029,0.2735854366592242,0.5,0.3,Necrotic
0.574516,-0.00435928,0.27116710318811843,0.5,0.3,Necrotic
4.04171,-4.3149,0.2735839162592253,0.5,0.3,Necrotic
0.732305,1.84335,0.26893363690384064,0.5,0.3,Necrotic
-0.657809,0.0652851,0.2718291180235286,0.5,0.3,Necrotic
-0.050448,0.129493,0.27135131321558964,0.5,0.3,Necrotic
0.770385,13.0329,0.4098030382524695,0.5,0.3,Viable tumour cell
2.82608,-4.68946,0.2733530575956752,0.5,0.3,Necrotic
0.236601,-0.0222182,0.2713442433895928,0.5,0.3,Necrotic
-11.3362,-3.31111,0.34780360320707504,0.5,0.3,Viable tumour cell
10.8891,-7.97168,0.4582945293843052,0.5,0.3,Viable tumour cell
0.182713,-0.659146,0.2718901175922901,0.5,0.3,Necrotic
-2.83752,-2.06303,0.274379804528888,0.5,0.3,Necrotic
1.02954,0.755484,0.2701430167499808,0.5,0.3,Necrotic
0.437887,-0.770368,0.2718773312794961,0.5,0.3,Necrotic
-0.0209306,-0.030643,0.271473640146483,0.5,0.3,Necrotic
-5.57698,6.96336,0.285554896489798,0.5,0.3,Viable tumour cell
-4.94386,-4.20439,0.27529514041596875,0.5,0.3,Necrotic
-0.368598,0.999993,0.27075240451381244,0.5,0.3,Necrotic
0.3896,1.13072,0.27006589333940134,0.5,0.3,Necrotic
2.34408,-15.1852,0.5707317503890084,0.5,0.3,Viable tumour cell
-2.37432,2.42555,0.2718160636154057,0.5,0.3,Necrotic
0.182915,0.134853,0.2712061301668424,0.5,0.3,Necrotic
0.0220658,0.0576868,0.27136838879745573,0.5,0.3,Necrotic
-0.7002,-0.461075,0.27221868801878707,0.5,0.3,Necrotic
0.376776,1.08865,0.2701259331244875,0.5,0.3,Necrotic
0.194948,0.28997,0.2710419694007176,0.5,0.3,Necrotic
-0.575342,0.0998597,0.27174408963216146,0.5,0.3,Necrotic
-15.842,3.16962,0.6918691103333314,0.5,0.3,Viable tumour cell
-0.0209683,-0.275631,0.2716687397697815,0.5,0.3,Necrotic
6.47276,-2.9001,0.27450838786043846,0.5,0.3,Necrotic
-0.00872515,-0.0110826,0.27145140662035344,0.5,0.3,Necrotic
0.671273,3.1685,0.2666907207644288,0.5,0.3,Necrotic
-7.68944,-15.6735,0.8289017981574499,0.5,0.3,Viable tumour cell
-4.63229,3.04796,0.27549351799461125,0.5,0.3,Necrotic
0.00954315,0.12211,0.27131156145885016,0.5,0.3,Necrotic
-3.01948,8.95726,0.28523625760885674,0.5,0.3,Viable tumour cell
-1.66515,0.923085,0.2720227671229859,0.5,0.3,Necrotic
-0.488271,0.0842396,0.27169816679671277,0.5,0.3,Necrotic
-0.302482,-0.00620507,0.2716471254529988,0.5,0.3,Necrotic
16.7089,-1.88175,0.8526099454662832,0.5,0.3,Viable tumour cell
0.507549,-0.863365,0.2719237146563318,0.5,0.3,Necrotic
-6.46521,-2.5977,0.2785365297503714,0.5,0.3,Necrotic
4.57376,-14.9091,0.5705649857843957,0.5,0.3,Viable tumour cell
0.974792,2.28333,0.2680801238378751,0.5,0.3,Necrotic
-0.0812571,0.148076,0.2713584019170386,0.5,0.3,Necrotic
-14.6691,-7.96169,0.6850132408865336,0.5,0.3,Viable tumour cell
7.40944,15.197,0.7696800355958215,0.5,0.3,Viable tumour cell
-0.299738,0.132524,0.27152965492080006,0.5,0.3,Necrotic
0.0956035,0.00736426,0.27138425728532123,0.5,0.3,Necrotic
7.8914,-8.85366,0.36161735960412306,0.5,0.3,Viable tumour cell
1.64392,-0.71675,0.2714175952119523,0.5,0.3,Necrotic
-0.530221,0.0397766,0.27176403014600414,0.5,0.3,Necrotic
-0.679863,-0.492506,0.27222574418547096,0.5,0.3,Necrotic
-12.3923,2.33395,0.40048925811788477,0.5,0.3,Viable tumour cell
0.26328,-0.419634,0.27166739905509985,0.5,0.3,Necrotic
-8.72408,15.4449,0.8274651829899223,0.5,0.3,Viable tumour cell
0.19764,-0.740116,0.27194866376822036,0.5,0.3,Necrotic
3.36048,1.13686,0.26933603877745493,0.5,0.3,Necrotic
-9.89766,-2.42897,0.3015843264750398,0.5,0.3,Viable tumour cell
0.175153,0.267945,0.27107481640027203,0.5,0.3,Necrotic
-0.211229,-0.0146111,0.27159080154992454,0.5,0.3,Necrotic
-1.1291,-0.44488,0.27252072558110785,0.5,0.3,Necrotic
-2.6772,-3.48658,0.27442191250107667,0.5,0.3,Necrotic
9.79956,-2.96647,0.3172646961432177,0.5,0.3,Viable tumour cell
-0.362484,0.095981,0.2716029620474037,0.5,0.3,Necrotic
0.737013,11.4593,0.3385369489562572,0.5,0.3,Viable tumour cell
0.0589198,-0.0083085,0.2714169527500555,0.5,0.3,Necrotic
-12.973,-8.82637,0.5788435584425471,0.5,0.3,Viable tumour cell
0.803046,0.495802,0.2705235990996352,0.5,0.3,Necrotic
1.21109,-4.32403,0.2738109356675314,0.5,0.3,Necrotic
12.189,2.35227,0.3956980900344647,0.5,0.3,Viable tumour cell
-0.773569,-0.042163,0.27199053980583887,0.5,0.3,Necrotic
-0.165354,0.0436668,0.271513252531817,0.5,0.3,Necrotic
0.494959,0.655978,0.2705122481433554,0.5,0.3,Necrotic
-7.52528,10.6362,0.4137819495856533,0.5,0.3,Viable tumour cell
-0.939011,-1.21197,0.27286622535152366,0.5,0.3,Necrotic
-0.181038,-0.281524,0.2717607491291385,0.5,0.3,Necrotic
-0.23985,-0.848551,0.27224434311165446,0.5,0.3,Necrotic
-0.445406,0.657282,0.2711553924874309,0.5,0.3,Necrotic
-0.173269,-0.569868,0.2719861141941229,0.5,0.3,Necrotic
10.7134,-4.37639,0.3667269206490467,0.5,0.3,Viable tumour cell
0.366906,-0.603388,0.2717725611295718,0.5,0.3,Necrotic
-0.292296,0.780948,0.270906215072438,0.5,0.3,Necrotic
-0.671359,-0.596508,0.272288974014218,0.5,0.3,Necrotic
0.012143,-1.70379,0.2726858114008416,0.5,0.3,Necrotic
-15.0785,6.67838,0.7374556005179973,0.5,0.3,Viable tumour cell
-0.262924,-0.915407,0.27231016532642227,0.5,0.3,Necrotic
7.94082,-16.0475,0.8504568361154119,0.5,0.3,Viable tumour cell
-13.0806,-1.30732,0.4075797112376141,0.5,0.3,Viable tumour cell
3.58232,-5.61547,0.2733891946795965,0.5,0.3,Necrotic
5.32689,-16.5291,0.7342507979409778,0.5,0.3,Viable tumour cell
-4.13899,12.1263,0.3910759673135497,0.5,0.3,Viable tumour cell
3.55807,-6.47535,0.2735097185986587,0.5,0.3,Necrotic
-0.484032,0.0858906,0.2716939022516485,0.5,0.3,Necrotic
2.61588,-0.677864,0.2712415997957693,0.5,0.3,Necrotic
1.57532,-3.93706,0.2734880454072568,0.5,0.3,Necrotic
1.44141,0.480474,0.27031700630852623,0.5,0.3,Necrotic
2.87239,-4.10599,0.27330815254899704,0.5,0.3,Necrotic
-3.96532,2.53868,0.2743978198944037,0.5,0.3,Necrotic
-0.558882,-0.010665,0.27182401168648673,0.5,0.3,Necrotic
5.50673,-3.78447,0.27403593168106655,0.5,0.3,Necrotic
16.0679,0.619991,0.7182327457407626,0.5,0.3,Viable tumour cell
-0.144536,-0.579528,0.2719781321824227,0.5,0.3,Necrotic
-9.41583,1.94945,0.2992769504281162,0.5,0.3,Viable tumour cell
0.969617,-1.66607,0.2723262807033307,0.5,0.3,Necrotic
-0.426763,-3.07929,0.2736029500849252,0.5,0.3,Necrotic
-10.1633,-3.38319,0.313458828047526,0.5,0.3,Viable tumour cell
-0.659283,0.537625,0.27143273985504623,0.5,0.3,Necrotic
-0.841614,-14.2792,0.5097580228450302,0.5,0.3,Viable tumour cell
-0.16962,1.20955,0.2703242965814959,0.5,0.3,Necrotic
-5.30539,-3.63717,0.2764025022988656,0.5,0.3,Necrotic
-1.67434,0.393169,0.2723706351150558,0.5,0.3,Necrotic
-6.26834,-11.5867,0.42061338678830973,0.5,0.3,Viable tumour cell
-0.100283,0.914901,0.2706146579515409,0.5,0.3,Necrotic
-9.7653,-9.76706,0.45427981281930163,0.5,0.3,Viable tumour cell
12.6683,3.17785,0.4285948539304569,0.5,0.3,Viable tumour cell
-11.0168,0.351766,0.3266160011508111,0.5,0.3,Viable tumour cell
-1.35917,-7.60641,0.2773783533952874,0.5,0.3,Viable tumour cell
-0.793289,0.0875625,0.2719022785610826,0.5,0.3,Necrotic
0.170178,0.802757,0.2705478955538899,0.5,0.3,Necrotic
16.2163,3.64154,0.7436994491736278,0.5,0.3,Viable tumour cell
13.3238,-6.46939,0.5708408085077415,0.5,0.3,Viable tumour cell
-15.573,0.794116,0.5974781630268858,0.5,0.3,Viable tumour cell
-0.955754,3.98084,0.26704316405591105,0.5,0.3,Necrotic
-2.43024,-0.826789,0.273725747572053,0.5,0.3,Necrotic
-0.63991,12.4914,0.379843083361456,0.5,0.3,Viable tumour cell
11.0178,6.3751,0.40198561209641814,0.5,0.3,Viable tumour cell
-18.0892,-1.4436,0.8486146456109365,0.5,0.3,Viable tumour cell
-3.54468,0.781238,0.2742874377462293,0.5,0.3,Necrotic
-0.486037,-0.297492,0.27196488677205055,0.5,0.3,Necrotic
2.41503,-13.2216,0.4321038169550382,0.5,0.3,Viable tumour cell
-9.3805,-4.00963,0.3024240419707944,0.5,0.3,Viable tumour cell
-2.13434,3.83699,0.269812199963246,0.5,0.3,Necrotic
-0.55218,0.345031,0.27152211607140336,0.5,0.3,Necrotic
-3.18765,6.66811,0.2727707470105393,0.5,0.3,Necrotic
8.17382,10.9861,0.4547763375367532,0.5,0.3,Viable tumour cell
0.336817,-0.687902,0.27185180812820475,0.5,0.3,Necrotic
-0.333089,-0.256216,0.2718337517359368,0.5,0.3,Necrotic
0.146643,-0.322198,0.27163613836864553,0.5,0.3,Necrotic
0.0329458,-0.360675,0.2717119358125638,0.5,0.3,Necrotic
-0.649729,-0.926197,0.27252975550000363,0.5,0.3,Necrotic
15.2902,3.41894,0.6396977227678533,0.5,0.3,Viable tumour cell
-0.195349,-3.65998,0.27383743787681825,0.5,0.3,Necrotic
-0.0791366,0.816228,0.27069488860541224,0.5,0.3,Necrotic
-0.711465,1.032,0.2709958806571263,0.5,0.3,Necrotic
4.79789,2.56644,0.2682251022637243,0.5,0.3,Necrotic
10.2674,-8.50075,0.44539291447153695,0.5,0.3,Viable tumour cell
-6.75911,-16.1093,0.8131391151418847,0.5,0.3,Viable tumour cell
-0.2848,0.163025,0.2714938621153175,0.5,0.3,Necrotic
-3.45376,-0.00532556,0.274446023115537,0.5,0.3,Necrotic
3.57267,-3.79555,0.2733246249599149,0.5,0.3,Necrotic
2.24371,-1.92354,0.27227093358045407,0.5,0.3,Necrotic
-8.29628,6.17587,0.3143173774273464,0.5,0.3,Viable tumour cell
1.90629,-0.223879,0.27089785155786333,0.5,0.3,Necrotic
-0.920813,-0.103805,0.27213131684411096,0.5,0.3,Necrotic
-12.2904,6.99185,0.5087927245115029,0.5,0.3,Viable tumour cell
0.193345,-0.100066,0.2714331838044272,0.5,0.3,Necrotic
4.84392,-3.26663,0.27350768170471884,0.5,0.3,Necrotic
-0.616645,2.39215,0.2692841571710905,0.5,0.3,Necrotic
-0.738988,-1.68961,0.2730345917293221,0.5,0.3,Necrotic
-1.50292,-2.10561,0.2736223973132694,0.5,0.3,Necrotic
-1.74291,6.18694,0.2650616975266565,0.5,0.3,Necrotic
3.73118,-9.13543,0.2951068699071971,0.5,0.3,Viable tumour cell
-0.0999978,0.515397,0.27101010270150033,0.5,0.3,Necrotic
0.866688,-0.466411,0.271432688102925,0.5,0.3,Necrotic
-9.99649,-12.1391,0.612425128797533,0.5,0.3,Viable tumour cell
-13.9858,5.72059,0.5904747670488462,0.5,0.3,Viable tumour cell
-5.68198,5.90257,0.28045485390941977,0.5,0.3,Viable tumour cell
-0.240228,-0.109047,0.27167312396563287,0.5,0.3,Necrotic
1.36784,0.460939,0.27035938734392356,0.5,0.3,Necrotic
-9.17518,4.61079,0.3133235100441495,0.5,0.3,Viable tumour cell
0.395073,-0.339476,0.2715467396880222,0.5,0.3,Necrotic
4.98343,-14.1738,0.5295509892751875,0.5,0.3,Viable tumour cell
-2.805,10.9613,0.32853936993627575,0.5,0.3,Viable tumour cell
-6.73996,4.88752,0.28366423914934513,0.5,0.3,Viable tumour cell
3.93662,1.00162,0.26945864103783723,0.5,0.3,Necrotic
0.346005,1.00269,0.2702511598331663,0.5,0.3,Necrotic
0.212288,-0.015611,0.27135006723542104,0.5,0.3,Necrotic
-3.22203,0.134178,0.2741358914512364,0.5,0.3,Necrotic
0.0537606,-0.210688,0.2715842361594481,0.5,0.3,Necrotic
-0.655869,0.0206449,0.27186535793166267,0.5,0.3,Necrotic
-0.63935,1.74628,0.2701125775890431,0.5,0.3,Necrotic
-0.178342,-0.136093,0.27164908688457695,0.5,0.3,Necrotic
0.356415,-0.361837,0.2715843851892387,0.5,0.3,Necrotic
1.48442,-1.09039,0.27178639586858383,0.5,0.3,Necrotic
-7.23577,-10.2152,0.3832259789641673,0.5,0.3,Viable tumour cell
-0.319409,-0.386647,0.2719199361671058,0.5,0.3,Necrotic
-0.28027,0.089796,0.2715523965713031,0.5,0.3,Necrotic
-2.26859,-3.79198,0.2743273180839917,0.5,0.3,Necrotic
-0.244403,-0.151655,0.27170422363176183,0.5,0.3,Necrotic
6.07604,-12.8611,0.47797813288592567,0.5,0.3,Viable tumour cell
0.489645,0.706801,0.27046487358115723,0.5,0.3,Necrotic
1.48934,0.0892563,0.270721589339348,0.5,0.3,Necrotic
-1.34689,-5.94602,0.2750289668422428,0.5,0.3,Necrotic
3.15877,-1.28682,0.27175160774772306,0.5,0.3,Necrotic
4.54472,-12.6701,0.42735061369174965,0.5,0.3,Viable tumour cell
2.6369,-10.3375,0.3150167629267718,0.5,0.3,Viable tumour cell
11.2105,1.05337,0.34840183169465144,0.5,0.3,Viable tumour cell
-12.129,11.0792,0.7234782776738136,0.5,0.3,Viable tumour cell
0.947647,5.84297,0.25820862272826933,0.5,0.3,Viable tumour cell
-5.65496,1.20967,0.27710949763794734,0.5,0.3,Necrotic
7.10905,1.86303,0.2718377150171097,0.5,0.3,Necrotic
-0.403221,-4.07349,0.2740608237081113,0.5,0.3,Necrotic
-0.467025,-0.346653,0.27198460441437244,0.5,0.3,Necrotic
-3.46425,-2.02075,0.27485461634888514,0.5,0.3,Necrotic
3.7166,-8.30739,0.28269218274908825,0.5,0.3,Viable tumour cell
-0.366897,-0.216206,0.27183014128059435,0.5,0.3,Necrotic
5.2929,1.80762,0.2684923091514467,0.5,0.3,Necrotic
-6.81237,-8.60027,0.3220969589238073,0.5,0.3,Viable tumour cell
14.4006,-2.73436,0.5848477023827441,0.5,0.3,Viable tumour cell
-2.09387,-1.44853,0.27370865965178737,0.5,0.3,Necrotic
3.66639,0.778216,0.2697094321853393,0.5,0.3,Necrotic
-2.58312,2.90549,0.2717389467518373,0.5,0.3,Necrotic
1.4135,-0.0108416,0.2708487385256687,0.5,0.3,Necrotic
-0.167879,-0.288258,0.27175893265861895,0.5,0.3,Necrotic
9.75042,13.4104,0.7266818633345751,0.5,0.3,Viable tumour cell
-0.05933,0.161836,0.2713266295448847,0.5,0.3,Necrotic
0.160182,-0.356843,0.2716583487365911,0.5,0.3,Necrotic
-9.32075,1.06297,0.2933198401941973,0.5,0.3,Viable tumour cell
4.40537,0.951258,0.26946116111978086,0.5,0.3,Necrotic
8.66502,1.38287,0.2832353366133496,0.5,0.3,Viable tumour cell
-6.00105,-14.8354,0.6489836963450951,0.5,0.3,Viable tumour cell
-0.56176,0.222313,0.2716318569144355,0.5,0.3,Necrotic
0.422435,-16.7956,0.7668439015111777,0.5,0.3,Viable tumour cell
-0.181973,-1.08396,0.27238782945410206,0.5,0.3,Necrotic
-11.0394,1.2307,0.3317535918574994,0.5,0.3,Viable tumour cell
-2.62806,-3.06169,0.27437890227041634,0.5,0.3,Necrotic
5.12862,0.520675,0.26997328365226936,0.5,0.3,Necrotic
-2.30683,-0.416306,0.27342044765500195,0.5,0.3,Necrotic
4.0554,-3.58353,0.27333579055292667,0.5,0.3,Necrotic
-13.9999,2.01043,0.49002806657338965,0.5,0.3,Viable tumour cell
8.8421,9.37476,0.40586449503081834,0.5,0.3,Viable tumour cell
-15.4001,-6.68795,0.7087003380949564,0.5,0.3,Viable tumour cell
-0.892485,-0.862752,0.2726156065220841,0.5,0.3,Necrotic
6.55295,-17.4898,0.874623395403524,0.5,0.3,Viable tumour cell
0.0345178,0.205158,0.2712153886553251,0.5,0.3,Necrotic
3.68276,1.00484,0.2694617426585052,0.5,0.3,Necrotic
10.5376,4.24141,0.34468526303832303,0.5,0.3,Viable tumour cell
11.9282,0.423914,0.3817195258821414,0.5,0.3,Viable tumour cell
-0.508932,0.301443,0.27152945008055657,0.5,0.3,Necrotic
-7.64617,-11.9249,0.4839040817018684,0.5,0.3,Viable tumour cell
-14.7441,4.33479,0.6169897608681193,0.5,0.3,Viable tumour cell
-4.98619,6.23547,0.2787653336694378,0.5,0.3,Necrotic
-9.60984,12.3747,0.6145170896818417,0.5,0.3,Viable tumour cell
3.19418,-14.8268,0.5431275196932634,0.5,0.3,Viable tumour cell
-0.206765,-0.0398071,0.27160448908698714,0.5,0.3,Necrotic
1.8921,1.39753,0.2691046550509924,0.5,0.3,Necrotic
-0.840862,-0.121365,0.2720887321089372,0.5,0.3,Necrotic
8.43416,-6.55918,0.32505368366136655,0.5,0.3,Viable tumour cell
-8.3869,4.28926,0.299494125243685,0.5,0.3,Viable tumour cell
-9.72729,-6.33734,0.3416778773956924,0.5,0.3,Viable tumour cell
-1.68286,-11.8391,0.36653259386127807,0.5,0.3,Viable tumour cell
0.0717663,-0.664483,0.27193843307022253,0.5,0.3,Necrotic
-5.47502,-9.89376,0.3365159935178616,0.5,0.3,Viable tumour cell
3.01573,15.8269,0.6735864995003878,0.5,0.3,Viable tumour cell
-0.456114,-1.06634,0.27252594237129557,0.5,0.3,Necrotic
-0.348179,-0.29324,0.2718685511059607,0.5,0.3,Necrotic
-0.706429,-2.41544,0.27336280530009743,0.5,0.3,Necrotic
1.11663,-0.891661,0.27170825460386255,0.5,0.3,Necrotic
0.0367695,-0.039073,0.27145433128466945,0.5,0.3,Necrotic
0.554256,0.699227,0.27043636296635676,0.5,0.3,Necrotic
-14.2519,0.161957,0.48368610425328473,0.5,0.3,Viable tumour cell
-7.10248,-9.5153,0.35473884672059286,0.5,0.3,Viable tumour cell
2.24663,2.64119,0.26736442999335785,0.5,0.3,Necrotic
-0.85789,0.615232,0.2715021723347768,0.5,0.3,Necrotic
-0.267453,-0.472163,0.27195968933422665,0.5,0.3,Necrotic
-3.69979,7.34893,0.27712557316053904,0.5,0.3,Necrotic
-0.293794,-0.906741,0.27232010436897675,0.5,0.3,Necrotic
-0.178152,-0.0437376,0.2715876869029308,0.5,0.3,Necrotic
-9.37802,7.61462,0.37510084425180457,0.5,0.3,Viable tumour cell
0.550192,-0.309068,0.271445946489962,0.5,0.3,Necrotic
0.500728,-1.05978,0.272073998548234,0.5,0.3,Necrotic
-9.22388,-13.4334,0.6826201522017291,0.5,0.3,Viable tumour cell
1.77806,2.91264,0.2668801457901855,0.5,0.3,Necrotic
-4.40969,-8.36612,0.28983547325496617,0.5,0.3,Viable tumour cell
-1.85384,3.06877,0.27021580831741643,0.5,0.3,Necrotic
3.78779,10.072,0.3129245826669321,0.5,0.3,Viable tumour cell
-8.00745,9.817,0.39658156140364553,0.5,0.3,Viable tumour cell
-7.88188,-7.55273,0.3213535815940855,0.5,0.3,Viable tumour cell
-8.50403,-3.34806,0.28714784295124385,0.5,0.3,Necrotic
-7.87884,-1.72081,0.27929673894176865,0.5,0.3,Viable tumour cell
-15.5424,-0.912853,0.574903103219807,0.5,0.3,Viable tumour cell
-0.18494,-0.56669,0.27198994963537126,0.5,0.3,Necrotic
-12.8544,7.53843,0.5707459983579899,0.5,0.3,Viable tumour cell
-0.778395,3.59516,0.2674122121411512,0.5,0.3,Necrotic
-0.251303,-0.24822,0.27177296800704964,0.5,0.3,Necrotic
-11.4934,-5.88582,0.3975552875271829,0.5,0.3,Viable tumour cell
0.0509267,-0.317931,0.27167075731724494,0.5,0.3,Necrotic
-0.382925,-1.64794,0.2728596862343932,0.5,0.3,Necrotic
0.34639,-0.350404,0.2715792634128873,0.5,0.3,Necrotic
13.1131,-9.18459,0.6694310482693027,0.5,0.3,Viable tumour cell
-3.01048,2.57737,0.2726975418082726,0.5,0.3,Necrotic
-0.294312,-0.27445,0.27181954411221826,0.5,0.3,Necrotic
-0.265777,-0.0357553,0.2716418313375467,0.5,0.3,Necrotic
-3.78178,1.0023,0.274551524431118,0.5,0.3,Necrotic
-5.64746,-12.2389,0.4403253835258299,0.5,0.3,Viable tumour cell
-0.309484,-0.425442,0.2719454136548717,0.5,0.3,Necrotic
12.3859,-5.28366,0.4683242990116927,0.5,0.3,Viable tumour cell
7.19804,10.9892,0.4218955842323556,0.5,0.3,Viable tumour cell
8.90796,3.48361,0.29325919757468727,0.5,0.3,Viable tumour cell
-0.212634,0.0926579,0.27150410830245103,0.5,0.3,Necrotic
1.37806,-0.110011,0.2709460536865276,0.5,0.3,Necrotic
-0.243498,0.775248,0.27087148218616863,0.5,0.3,Necrotic
-1.68775,-0.72321,0.2731118225503554,0.5,0.3,Necrotic
0.154283,-0.179568,0.27151953085246977,0.5,0.3,Necrotic
-0.505779,-2.42546,0.2732810061605372,0.5,0.3,Necrotic
-0.0191051,0.276379,0.27117989667603,0.5,0.3,Necrotic
13.9789,-8.25399,0.7014260499212006,0.5,0.3,Viable tumour cell
0.251003,1.51714,0.2696573325609044,0.5,0.3,Necrotic
0.990819,-1.03878,0.2718678319994559,0.5,0.3,Necrotic
0.19718,-0.104199,0.27143497573119957,0.5,0.3,Necrotic
0.0625503,-0.0771633,0.2714744222160877,0.5,0.3,Necrotic
2.21862,-0.78351,0.2713734006778661,0.5,0.3,Necrotic
-2.25966,-0.196058,0.2732832857849086,0.5,0.3,Necrotic
-0.267721,-0.100763,0.2716862781307962,0.5,0.3,Necrotic
-0.344961,-0.252911,0.27183961264728795,0.5,0.3,Necrotic
-3.22306,-12.3404,0.40396340053995566,0.5,0.3,Viable tumour cell
-3.42653,14.2776,0.506439509389834,0.5,0.3,Viable tumour cell
-0.190025,0.0681719,0.2715093714361879,0.5,0.3,Necrotic
-7.38123,-2.76982,0.28014282079939873,0.5,0.3,Necrotic
-1.18821,-0.590402,0.27266736931621005,0.5,0.3,Necrotic
-10.8367,6.69069,0.41478551422855925,0.5,0.3,Viable tumour cell
-0.801568,-0.194025,0.2721102816796506,0.5,0.3,Necrotic
-3.36678,-4.63735,0.27429314298095914,0.5,0.3,Necrotic
0.174662,-0.711083,0.27193467190624954,0.5,0.3,Necrotic
-4.07642,-9.33958,0.30546814980611325,0.5,0.3,Viable tumour cell
-0.535051,0.0493731,0.2717592330465407,0.5,0.3,Necrotic
4.91326,14.0545,0.5507497608523096,0.5,0.3,Viable tumour cell
-0.494203,-0.485099,0.2720948897997503,0.5,0.3,Necrotic
7.58182,-5.20125,0.29006839261666123,0.5,0.3,Viable tumour cell
8.38043,-5.64298,0.3077885283997498,0.5,0.3,Viable tumour cell
3.29904,-5.2433,0.27339537752159343,0.5,0.3,Necrotic
-0.251111,0.0122855,0.27159782576885233,0.5,0.3,Necrotic
0.127455,-0.319065,0.27164126484147516,0.5,0.3,Necrotic
-0.725998,0.444621,0.27155623906328247,0.5,0.3,Necrotic
-0.186032,-0.0477708,0.27159570800432054,0.5,0.3,Necrotic
0.113725,0.101484,0.2712748957785499,0.5,0.3,Necrotic
0.439966,-1.07852,0.27211029014557214,0.5,0.3,Necrotic
-0.711045,2.06565,0.2698260850303778,0.5,0.3,Necrotic
-9.88674,-5.38854,0.32940023584683475,0.5,0.3,Viable tumour cell
-0.362509,-0.357456,0.2719208735995763,0.5,0.3,Necrotic
-0.705058,0.683406,0.27134114610302984,0.5,0.3,Necrotic
-2.41649,-1.70705,0.2740462251625957,0.5,0.3,Necrotic
6.88679,-7.60594,0.30516526649123066,0.5,0.3,Viable tumour cell
-0.431983,1.07687,0.2707082004311265,0.5,0.3,Necrotic
0.558166,-0.558361,0.2716607415636236,0.5,0.3,Necrotic
-1.88932,-1.33144,0.2735128679084929,0.5,0.3,Necrotic
8.84786,-1.59685,0.2863429452750523,0.5,0.3,Viable tumour cell
-0.0755935,0.247965,0.2712547820399132,0.5,0.3,Necrotic
2.11396,0.636432,0.2699677507232415,0.5,0.3,Necrotic
1.7576,1.07755,0.26955942978586844,0.5,0.3,Necrotic
-2.90421,0.595163,0.27360738683642827,0.5,0.3,Necrotic
0.536361,-0.9686,0.2719960675128158,0.5,0.3,Necrotic
-0.569744,-0.65185,0.2722676669952928,0.5,0.3,Necrotic
-0.783435,6.02494,0.26096519613921887,0.5,0.3,Viable tumour cell
-0.791388,-0.192032,0.2721020544765639,0.5,0.3,Necrotic
-3.17553,-2.26872,0.27463523938916,0.5,0.3,Necrotic
0.494995,-1.31788,0.2722436998753427,0.5,0.3,Necrotic
1.64343,-14.7834,0.5381747475903035,0.5,0.3,Viable tumour cell
10.4688,5.88611,0.36831642654079866,0.5,0.3,Viable tumour cell
-0.536076,-0.00603004,0.2718054662039444,0.5,0.3,Necrotic
-4.48756,0.625458,0.2755662425225483,0.5,0.3,Necrotic
0.523066,0.779105,0.2703746339512286,0.5,0.3,Necrotic
0.623383,0.291296,0.27082826128211446,0.5,0.3,Necrotic
-0.156549,-0.254928,0.2717262125597763,0.5,0.3,Necrotic
0.632469,-1.02561,0.27199950936070394,0.5,0.3,Necrotic
0.307259,10.8634,0.31606088872686444,0.5,0.3,Viable tumour cell
0.659259,-0.254571,0.27134603449401445,0.5,0.3,Necrotic
-0.502854,0.100095,0.2716947205188056,0.5,0.3,Necrotic
-0.877838,-0.0695828,0.272079460939469,0.5,0.3,Necrotic
16.3762,-4.60437,0.8467603926969753,0.5,0.3,Viable tumour cell
-1.98731,-1.75012,0.2737373497649905,0.5,0.3,Necrotic
-0.235364,0.0408958,0.2715630739624695,0.5,0.3,Necrotic
-11.1859,-7.61941,0.4307813941623248,0.5,0.3,Viable tumour cell
-0.079638,0.18915,0.2713163809663476,0.5,0.3,Necrotic
-0.284791,-0.0487489,0.2716633495298029,0.5,0.3,Necrotic
-2.60656,1.78611,0.2725422928644898,0.5,0.3,Necrotic
-9.25191,-4.72906,0.304471990634422,0.5,0.3,Viable tumour cell
-0.115167,0.0200815,0.27149905024696935,0.5,0.3,Necrotic
3.45557,-2.42448,0.27260613849491283,0.5,0.3,Necrotic
-0.207681,-0.391617,0.27186294709586756,0.5,0.3,Necrotic
-6.96834,-4.00193,0.27974875150845724,0.5,0.3,Necrotic
-15.4548,-7.6822,0.7607636549479717,0.5,0.3,Viable tumour cell
-10.7574,10.7058,0.5823626660751686,0.5,0.3,Viable tumour cell
-0.149028,-0.138648,0.2716308976518164,0.5,0.3,Necrotic
-0.837225,-0.447818,0.27230284290740253,0.5,0.3,Necrotic
0.217138,-0.19566,0.2715056468098044,0.5,0.3,Necrotic
1.11077,-0.555182,0.27141449222459846,0.5,0.3,Necrotic
0.0887911,-13.9233,0.4744446464626977,0.5,0.3,Viable tumour cell
-14.0764,2.69021,0.5089996435816926,0.5,0.3,Viable tumour cell
-0.138403,-0.152284,0.2716345805660224,0.5,0.3,Necrotic
-5.08144,-14.3928,0.5807012185872227,0.5,0.3,Viable tumour cell
-8.50468,-4.17485,0.29099513954094525,0.5,0.3,Viable tumour cell
-2.70316,2.43026,0.2723242814141212,0.5,0.3,Necrotic
0.637626,-1.231,0.27213069551824154,0.5,0.3,Necrotic
-10.2998,-0.160701,0.3079989779521246,0.5,0.3,Viable tumour cell
-2.42629,-3.04632,0.2742880131162328,0.5,0.3,Necrotic
-0.323369,-0.248143,0.2718218019802709,0.5,0.3,Necrotic
-4.96039,8.68864,0.29901833691918583,0.5,0.3,Viable tumour cell
-1.52007,15.3778,0.5779385307632572,0.5,0.3,Viable tumour cell
5.58789,12.4201,0.45683911269512345,0.5,0.3,Viable tumour cell
-0.307631,0.914581,0.2707865502703684,0.5,0.3,Necrotic
-0.00493235,-0.138632,0.27155090260315057,0.5,0.3,Necrotic
0.0466867,-0.304331,0.2716616122491709,0.5,0.3,Necrotic
-6.3269,7.51218,0.29891187727917107,0.5,0.3,Viable tumour cell
-0.0396112,0.0411868,0.27142980689611457,0.5,0.3,Necrotic
-1.24385,-0.956905,0.27292492798485257,0.5,0.3,Necrotic
0.114968,-0.423409,0.27172931213726714,0.5,0.3,Necrotic
-10.8925,-5.08468,0.35488566353903056,0.5,0.3,Viable tumour cell
-0.142989,-0.248919,0.2717140306436167,0.5,0.3,Necrotic
-0.712477,1.06912,0.2709500511278481,0.5,0.3,Necrotic
0.174703,-0.660879,0.27189467906850917,0.5,0.3,Necrotic
-5.20373,7.68081,0.28906581912253604,0.5,0.3,Viable tumour cell
-0.62154,0.325989,0.27158518572740814,0.5,0.3,Necrotic
7.74094,14.3268,0.6934717023968854,0.5,0.3,Viable tumour cell
-0.0117356,0.0066736,0.27144016857184255,0.5,0.3,Necrotic
-0.0863063,-0.196818,0.2716416236671433,0.5,0.3,Necrotic
3.79052,4.85708,0.2654667802699311,0.5,0.3,Necrotic
0.0925343,-0.383961,0.2717068100011311,0.5,0.3,Necrotic
1.47424,-0.814299,0.27154926615755914,0.5,0.3,Necrotic
-11.9962,-0.176274,0.3577185249038537,0.5,0.3,Viable tumour cell
0.0168131,-0.914293,0.27215917823559205,0.5,0.3,Necrotic
-1.45729,-0.433848,0.27279156554371486,0.5,0.3,Necrotic
3.27109,2.15683,0.26815305335685724,0.5,0.3,Necrotic
10.147,8.46166,0.42627543165365434,0.5,0.3,Viable tumour cell
0.13476,-0.333012,0.27164946899165726,0.5,0.3,Necrotic
0.492433,0.590825,0.270578185653952,0.5,0.3,Necrotic
0.46676,0.0766368,0.27113277728942925,0.5,0.3,Necrotic
-8.4516,-11.5333,0.49285908452001265,0.5,0.3,Viable tumour cell
-1.50757,-14.2128,0.50940478635707,0.5,0.3,Viable tumour cell
-1.11824,0.925753,0.27144647398784066,0.5,0.3,Necrotic
-0.18139,-0.96793,0.2723075123388985,0.5,0.3,Necrotic
-0.341771,-0.287603,0.2718604640354693,0.5,0.3,Necrotic
-0.0324649,-1.33474,0.2724689498889262,0.5,0.3,Necrotic
0.376927,1.35984,0.26978490749523953,0.5,0.3,Necrotic
-0.26771,-0.43426,0.27192964829394967,0.5,0.3,Necrotic
0.262147,-0.0678649,0.2713720663942242,0.5,0.3,Necrotic
6.59229,-0.401331,0.27202210441871294,0.5,0.3,Necrotic
-6.1844,1.59577,0.2779087359750345,0.5,0.3,Necrotic
-0.21101,0.133322,0.2714687963876857,0.5,0.3,Necrotic
-1.37671,0.50852,0.27200762913279114,0.5,0.3,Necrotic
-0.277034,-0.118048,0.2717040627272639,0.5,0.3,Necrotic
-3.15675,3.35799,0.2725851221973616,0.5,0.3,Necrotic
10.9949,-9.99549,0.5517874013960896,0.5,0.3,Viable tumour cell
1.31837,-5.74686,0.27442249334836033,0.5,0.3,Necrotic
-1.80636,16.7665,0.7284381949763327,0.5,0.3,Viable tumour cell
4.05095,-3.00321,0.2730862505334052,0.5,0.3,Necrotic
13.2827,3.63033,0.47395305545431177,0.5,0.3,Viable tumour cell
0.959468,0.521813,0.2704210209774448,0.5,0.3,Necrotic
-0.281982,-0.353843,0.27187339863319543,0.5,0.3,Necrotic
-0.125704,-0.206817,0.27167107651062444,0.5,0.3,Necrotic
1.8328,-2.14352,0.2724656141834238,0.5,0.3,Necrotic
0.708553,-0.222302,0.2712941796370366,0.5,0.3,Necrotic
-0.257866,-0.418116,0.2719114228124542,0.5,0.3,Necrotic
-0.804597,-0.0127963,0.27199210463369883,0.5,0.3,Necrotic
2.00329,0.143907,0.27051195826421137,0.5,0.3,Necrotic
-0.134472,-1.35842,0.272539951213128,0.5,0.3,Necrotic
0.0867066,-1.70977,0.2726600727758858,0.5,0.3,Necrotic
-1.77296,-4.14013,0.2742970982555753,0.5,0.3,Necrotic
0.00406662,6.02705,0.25786782255595847,0.5,0.3,Necrotic
0.726508,-7.1369,0.2773604129718255,0.5,0.3,Necrotic
-0.134799,0.0284394,0.2715053366249282,0.5,0.3,Necrotic
11.4121,-3.91424,0.391363864950967,0.5,0.3,Viable tumour cell
-3.32066,10.474,0.32029806490348484,0.5,0.3,Viable tumour cell
-0.351836,-0.313978,0.2718847893668379,0.5,0.3,Necrotic
-0.809489,-0.337305,0.27221071075151104,0.5,0.3,Necrotic
1.30439,-11.6101,0.35100155886747153,0.5,0.3,Viable tumour cell
-0.458654,-0.666846,0.2722190096154311,0.5,0.3,Necrotic
-0.229558,-0.984284,0.2723468104258625,0.5,0.3,Necrotic
2.18734,-1.41509,0.27188833151288194,0.5,0.3,Necrotic
-0.0742508,0.186522,0.27131452599947875,0.5,0.3,Necrotic
-13.4577,3.32224,0.479922110074227,0.5,0.3,Viable tumour cell
-6.0553,0.685787,0.2774830401733658,0.5,0.3,Necrotic
2.26591,16.6109,0.7553495575349961,0.5,0.3,Viable tumour cell
-5.52371,-11.4732,0.39910537593331863,0.5,0.3,Viable tumour cell
-5.61144,-0.851226,0.27682156797448176,0.5,0.3,Necrotic
1.38397,-0.800999,0.2715590566469616,0.5,0.3,Necrotic
-1.01813,1.66022,0.2705960319789407,0.5,0.3,Necrotic
-0.973514,-0.172875,0.27221288866892973,0.5,0.3,Necrotic
4.22374,-2.06808,0.2725400776746711,0.5,0.3,Necrotic
2.36264,0.958476,0.269593873384925,0.5,0.3,Necrotic
-0.347731,3.82146,0.266262854061571,0.5,0.3,Necrotic
0.170506,-1.32606,0.2723778882592651,0.5,0.3,Necrotic
-0.352004,-0.253805,0.27184498282733577,0.5,0.3,Necrotic
0.0169154,0.0680145,0.2713610305810971,0.5,0.3,Necrotic
-10.4874,12.4336,0.6862372897477963,0.5,0.3,Viable tumour cell
0.986861,0.0292591,0.2709349287881011,0.5,0.3,Necrotic
-2.89732,3.88037,0.27164915874215956,0.5,0.3,Necrotic
2.4752,-4.50055,0.2733834287608658,0.5,0.3,Necrotic
0.251929,-1.33997,0.2723545678817787,0.5,0.3,Necrotic
0.447342,-1.43831,0.272340745596896,0.5,0.3,Necrotic
0.848668,-0.360951,0.27134881409106815,0.5,0.3,Necrotic
-6.64785,-4.60708,0.2793795551839912,0.5,0.3,Necrotic
-0.606275,-1.42857,0.2728387595136505,0.5,0.3,Necrotic
0.00585358,-0.826241,0.27209341771929507,0.5,0.3,Necrotic
-0.109402,-0.0551777,0.2715486409862638,0.5,0.3,Necrotic
-0.0754619,0.37202,0.27113180535682035,0.5,0.3,Necrotic
0.430005,-0.528661,0.27168799508756253,0.5,0.3,Necrotic
1.16422,0.753533,0.27010578151849984,0.5,0.3,Necrotic
-11.2797,11.5093,0.6739919851271442,0.5,0.3,Viable tumour cell
0.102303,0.509184,0.2708764911543599,0.5,0.3,Necrotic
-1.31219,-2.9215,0.27382897701852155,0.5,0.3,Necrotic
0.197698,0.652245,0.27068162868938517,0.5,0.3,Necrotic
6.51119,-5.06984,0.2776100968458718,0.5,0.3,Viable tumour cell
-3.71816,-2.30075,0.27506980065569314,0.5,0.3,Necrotic
-1.42474,0.483454,0.27206942094660486,0.5,0.3,Necrotic
-3.19935,-0.185762,0.27422727078144715,0.5,0.3,Necrotic
-0.127981,3.18299,0.2673102578908502,0.5,0.3,Necrotic
2.1441,4.99799,0.2623674267246596,0.5,0.3,Necrotic
-0.736697,-1.02364,0.27265129787948017,0.5,0.3,Necrotic
-0.230168,-0.137882,0.27168543015583035,0.5,0.3,Necrotic
-0.233908,-0.47985,0.2719475118263496,0.5,0.3,Necrotic
-0.182804,0.817973,0.2707789427639002,0.5,0.3,Necrotic
0.519066,-0.634676,0.2717370396494937,0.5,0.3,Necrotic
3.8364,4.26082,0.26609349211051186,0.5,0.3,Necrotic
2.37745,3.77224,0.2653831527226644,0.5,0.3,Necrotic
-5.62249,-2.38361,0.2769708191737111,0.5,0.3,Necrotic
16.5115,5.4644,0.8224647330615653,0.5,0.3,Viable tumour cell
0.269713,0.18009,0.271116251736346,0.5,0.3,Necrotic
0.950568,-0.283658,0.271232335982065,0.5,0.3,Necrotic
3.26418,0.973224,0.2695063832974461,0.5,0.3,Necrotic
-0.035736,-0.176888,0.27159816843327034,0.5,0.3,Necrotic
14.8606,-8.28235,0.7983987056042721,0.5,0.3,Viable tumour cell
0.205582,0.818626,0.27051244524529683,0.5,0.3,Necrotic
-0.572866,-0.0303226,0.2718465387484437,0.5,0.3,Necrotic
-0.222466,-0.323609,0.2718168587002869,0.5,0.3,Necrotic
-4.51652,2.39472,0.27541733630255644,0.5,0.3,Necrotic
1.48988,-1.77524,0.27229088132066304,0.5,0.3,Necrotic
0.0315158,-0.683132,0.27196927009704286,0.5,0.3,Necrotic
-2.07629,-0.390984,0.2732210967383606,0.5,0.3,Necrotic
2.09195,-0.561033,0.27117865433395905,0.5,0.3,Necrotic
-1.31586,-2.29147,0.2736027723818484,0.5,0.3,Necrotic
-0.404369,-7.84837,0.27871090896882916,0.5,0.3,Necrotic
-0.416351,-0.483514,0.27204995009430766,0.5,0.3,Necrotic
0.619087,-3.79001,0.27367980878281783,0.5,0.3,Necrotic
-0.632868,14.7088,0.5191126366973613,0.5,0.3,Viable tumour cell
-0.372711,-0.358893,0.27192874742689743,0.5,0.3,Necrotic
-14.5094,-10.9467,0.8511869557771208,0.5,0.3,Viable tumour cell
0.351817,0.566882,0.27068027357904,0.5,0.3,Necrotic
-2.21563,-0.561746,0.2734193590001123,0.5,0.3,Necrotic
-1.8184,-0.194479,0.2729367179051151,0.5,0.3,Necrotic
-6.91799,12.3038,0.47400230925243597,0.5,0.3,Viable tumour cell
-0.139456,0.0999169,0.2714483613076862,0.5,0.3,Necrotic
0.499936,-0.0937493,0.27128113469922754,0.5,0.3,Necrotic
-0.0979854,-0.0576867,0.2715425609934054,0.5,0.3,Necrotic
0.498942,-0.0399853,0.2712344599828823,0.5,0.3,Necrotic
-1.17272,4.50221,0.2663276007744324,0.5,0.3,Necrotic
-11.6846,10.5177,0.6432915880789274,0.5,0.3,Viable tumour cell
0.0429743,0.262429,0.2711539519505306,0.5,0.3,Necrotic
-0.29562,-0.219141,0.27178373835770225,0.5,0.3,Necrotic
-0.176635,0.0665266,0.2715016729071363,0.5,0.3,Necrotic
-0.933939,-2.0617,0.2733096683451839,0.5,0.3,Necrotic
-9.28606,3.79587,0.30975679746641827,0.5,0.3,Viable tumour cell
-4.90992,-4.86795,0.27429956312709425,0.5,0.3,Necrotic
-3.57536,4.0994,0.2731343415597077,0.5,0.3,Necrotic
-3.87416,-0.943792,0.2750769924964891,0.5,0.3,Necrotic
-0.363059,0.0506115,0.2716415213479967,0.5,0.3,Necrotic
-0.849311,-0.175988,0.2721307018399516,0.5,0.3,Necrotic
2.38813,-3.12191,0.27298121044838436,0.5,0.3,Necrotic
1.20578,5.03922,0.2610705914444687,0.5,0.3,Necrotic
0.344785,12.5995,0.3869327594588896,0.5,0.3,Viable tumour cell
0.214578,-0.386011,0.27165996905142986,0.5,0.3,Necrotic
-1.93907,-0.214994,0.2730295647547392,0.5,0.3,Necrotic
-1.06746,-2.2547,0.27345587514327563,0.5,0.3,Necrotic
-0.265516,-0.687562,0.27213015139442714,0.5,0.3,Necrotic
-0.270323,-0.671638,0.272120093439913,0.5,0.3,Necrotic
-0.359081,0.202068,0.27151140309854793,0.5,0.3,Necrotic
-6.21209,-0.958323,0.2772962866688683,0.5,0.3,Necrotic
1.98535,-1.8438,0.27223040540793614,0.5,0.3,Necrotic
-15.2914,3.78468,0.6542857965861831,0.5,0.3,Viable tumour cell
-15.9145,-4.37196,0.6539751792118008,0.5,0.3,Viable tumour cell
-0.268647,-0.0173672,0.27163157925915316,0.5,0.3,Necrotic
-1.19218,-1.41755,0.2731033080800117,0.5,0.3,Necrotic
8.05719,3.47792,0.28067588041916935,0.5,0.3,Viable tumour cell
5.84443,4.30106,0.26898939600219546,0.5,0.3,Necrotic
-1.23827,0.706399,0.2717238170274066,0.5,0.3,Necrotic
-0.0438845,-1.02288,0.2722728850160386,0.5,0.3,Necrotic
-0.219293,-0.0738355,0.2716355623924544,0.5,0.3,Necrotic
-0.665769,-0.54879,0.2722535241628292,0.5,0.3,Necrotic
-2.46225,0.515066,0.27319321664117013,0.5,0.3,Necrotic
-9.44179,-0.794339,0.2926027573383829,0.5,0.3,Viable tumour cell
-0.388577,0.723412,0.27104287167969676,0.5,0.3,Necrotic
4.28466,0.187945,0.27032970918135735,0.5,0.3,Necrotic
0.741733,0.665019,0.27037184884178106,0.5,0.3,Necrotic
1.08472,0.674502,0.27021355154006177,0.5,0.3,Necrotic
-6.95833,1.39074,0.2789932028036255,0.5,0.3,Necrotic
-0.0323479,-0.0338915,0.2714824549053299,0.5,0.3,Necrotic
-1.99511,-2.39722,0.2739390017831326,0.5,0.3,Necrotic
0.679151,0.645773,0.27042234621236616,0.5,0.3,Necrotic
-1.46227,-1.67724,0.273384173039519,0.5,0.3,Necrotic
2.18146,0.0680549,0.27057395376130866,0.5,0.3,Necrotic
9.04079,-12.5028,0.5938062730745157,0.5,0.3,Viable tumour cell
2.67697,-11.3793,0.34769071662140766,0.5,0.3,Viable tumour cell
0.913198,0.0348408,0.27096415793255085,0.5,0.3,Necrotic
-0.759786,-0.515054,0.2722949183446552,0.5,0.3,Necrotic
0.0199157,0.313912,0.27111581341166185,0.5,0.3,Necrotic
-3.48136,-0.595168,0.27465486830767777,0.5,0.3,Necrotic
7.23718,12.6314,0.5264257993753285,0.5,0.3,Viable tumour cell
7.74393,6.03133,0.2939043805244952,0.5,0.3,Viable tumour cell
5.24679,-7.24856,0.2827575113332731,0.5,0.3,Viable tumour cell
8.23664,12.6459,0.5723488990976054,0.5,0.3,Viable tumour cell
0.436448,0.143856,0.27107534216019064,0.5,0.3,Necrotic
-0.921016,-11.9058,0.365206920582934,0.5,0.3,Viable tumour cell
0.0173566,-0.00295274,0.27143211760445984,0.5,0.3,Necrotic
-3.95368,-5.85036,0.27196567908870706,0.5,0.3,Necrotic
-2.09009,10.303,0.30422604741770365,0.5,0.3,Viable tumour cell
8.86985,-0.561974,0.2845904668027169,0.5,0.3,Viable tumour cell
11.7569,-0.27067,0.37637962992500573,0.5,0.3,Viable tumour cell
-2.67507,-3.11785,0.27440903949007905,0.5,0.3,Necrotic
-1.84082,-0.0261882,0.27284617023631763,0.5,0.3,Necrotic
-0.283946,-0.277176,0.27181432122026294,0.5,0.3,Necrotic
10.1418,-9.38474,0.4719535283942891,0.5,0.3,Viable tumour cell
1.06789,-0.383844,0.27127675181996336,0.5,0.3,Necrotic
-0.00401106,0.088129,0.27135385574522203,0.5,0.3,Necrotic
0.380917,6.73271,0.25694627450021523,0.5,0.3,Necrotic
-2.4682,-2.91178,0.2742760764290819,0.5,0.3,Necrotic
1.84404,-0.777774,0.27142504398501555,0.5,0.3,Necrotic
0.0141764,-0.968328,0.27220325283637475,0.5,0.3,Necrotic
0.647415,1.86027,0.2689650358199326,0.5,0.3,Necrotic
0.849977,-15.0196,0.5591839242029684,0.5,0.3,Viable tumour cell
-3.90075,6.42138,0.2757024688083414,0.5,0.3,Necrotic
-12.7293,-11.6526,0.7593873805832356,0.5,0.3,Viable tumour cell
-0.248911,-0.529553,0.2719952735293072,0.5,0.3,Necrotic
-0.194067,-0.829068,0.27220385437204875,0.5,0.3,Necrotic
-6.05802,3.40514,0.2782727028146544,0.5,0.3,Necrotic
-1.75744,2.04209,0.2711504516386883,0.5,0.3,Necrotic
0.00948369,0.55689,0.2708809757825204,0.5,0.3,Necrotic
1.03312,1.79311,0.26882182446941466,0.5,0.3,Necrotic
-0.638638,0.171651,0.27172662849186413,0.5,0.3,Necrotic
11.4358,-4.72216,0.40420915614999786,0.5,0.3,Viable tumour cell
-1.12663,3.59121,0.26809442712088133,0.5,0.3,Necrotic
-17.0831,0.251885,0.7446589155656642,0.5,0.3,Viable tumour cell
-4.68704,-0.222302,0.27583353946029854,0.5,0.3,Necrotic
-4.87065,-1.46618,0.2761167366916143,0.5,0.3,Necrotic
2.33352,0.522481,0.2700685745641025,0.5,0.3,Necrotic
0.356853,-3.29125,0.27348492069207764,0.5,0.3,Necrotic
-11.952,8.06553,0.5252399179292311,0.5,0.3,Viable tumour cell
4.75279,1.42988,0.26895405590851895,0.5,0.3,Necrotic
-0.121935,-1.60742,0.27269463519561077,0.5,0.3,Necrotic
-0.135985,-0.355934,0.2717954241856145,0.5,0.3,Necrotic
2.84609,1.1563,0.2692976125652217,0.5,0.3,Necrotic
0.186532,0.0786463,0.2712645388947744,0.5,0.3,Necrotic
-1.10054,0.429112,0.27184036429620656,0.5,0.3,Necrotic
-2.54259,0.0984939,0.2734577574492102,0.5,0.3,Necrotic
-2.20996,-2.25462,0.27399642342498787,0.5,0.3,Necrotic
0.608059,-15.8651,0.6501096085546327,0.5,0.3,Viable tumour cell
-1.78065,7.71718,0.268960145589538,0.5,0.3,Necrotic
-3.79599,-6.88645,0.27373216979918014,0.5,0.3,Viable tumour cell
-0.231515,-0.0126135,0.2716032374125863,0.5,0.3,Necrotic
-0.970113,0.151788,0.271968192976438,0.5,0.3,Necrotic
-0.121306,-0.0915205,0.271580826492067,0.5,0.3,Necrotic
-9.97781,-13.3205,0.7192523539915722,0.5,0.3,Viable tumour cell
-0.739409,-0.0353866,0.27196287185058227,0.5,0.3,Necrotic
1.18141,-0.135804,0.2710260865266123,0.5,0.3,Necrotic
0.987316,-0.614168,0.27150462161530586,0.5,0.3,Necrotic
5.16517,-10.9334,0.35944389171119484,0.5,0.3,Viable tumour cell
-2.33565,-12.366,0.39678430938223075,0.5,0.3,Viable tumour cell
1.80069,-13.6107,0.4532609904359545,0.5,0.3,Viable tumour cell
2.98391,-0.760784,0.2712793333019032,0.5,0.3,Necrotic
-0.20675,-2.01102,0.2729761555560212,0.5,0.3,Necrotic
-0.0761052,0.024275,0.2714690251836674,0.5,0.3,Necrotic
-0.322741,0.106563,0.271567100018379,0.5,0.3,Necrotic
-0.202227,0.193792,0.27141196520911554,0.5,0.3,Necrotic
-1.36356,-0.800013,0.27292836729483755,0.5,0.3,Necrotic
-1.17535,1.89286,0.2705554418493006,0.5,0.3,Necrotic
0.406333,-1.00645,0.27207689794428047,0.5,0.3,Necrotic
0.0516386,-0.241943,0.27160996732891923,0.5,0.3,Necrotic
7.94747,1.92913,0.27628731202014867,0.5,0.3,Viable tumour cell
2.91778,-6.89327,0.2734739832731797,0.5,0.3,Viable tumour cell
-1.32173,-0.355848,0.2726249266951842,0.5,0.3,Necrotic
0.753233,0.063893,0.2710095161118326,0.5,0.3,Necrotic
1.12072,-0.723175,0.2715589096237217,0.5,0.3,Necrotic
2.90534,-3.52033,0.27310951524954025,0.5,0.3,Necrotic
-1.73729,0.830238,0.2721578190582742,0.5,0.3,Necrotic
-1.32153,1.89752,0.27074297948358184,0.5,0.3,Necrotic
-16.4635,-3.48947,0.6819158569404606,0.5,0.3,Viable tumour cell
-7.62024,-4.36355,0.2829256364188235,0.5,0.3,Viable tumour cell
-0.289918,-1.3776,0.2726371895478662,0.5,0.3,Necrotic
0.00862101,-0.119564,0.2715296047575122,0.5,0.3,Necrotic
-3.96716,-2.06191,0.27525621898960534,0.5,0.3,Necrotic
0.119654,0.17046,0.2712023024833024,0.5,0.3,Necrotic
-0.414444,-0.840693,0.27233332480113326,0.5,0.3,Necrotic
0.678253,-1.37411,0.27221111481471344,0.5,0.3,Necrotic
-4.59077,1.51809,0.2755356196969923,0.5,0.3,Necrotic
-0.199827,-0.366668,0.2718387962424654,0.5,0.3,Necrotic
-0.284426,0.0204093,0.27161359035343446,0.5,0.3,Necrotic
-1.13239,-0.856164,0.2727963707507425,0.5,0.3,Necrotic
-1.47121,-0.487017,0.27283863357596083,0.5,0.3,Necrotic
2.21136,-2.5644,0.27267315920183505,0.5,0.3,Necrotic
3.20399,8.33745,0.27220791295213503,0.5,0.3,Viable tumour cell
-0.344751,-0.472086,0.27200179296647686,0.5,0.3,Necrotic
-0.0403712,0.854627,0.27062477926469003,0.5,0.3,Necrotic
0.442295,-1.66239,0.27249555684691845,0.5,0.3,Necrotic
-2.13162,-2.61378,0.2740532497937904,0.5,0.3,Necrotic
-7.72618,-3.41297,0.28263676942032234,0.5,0.3,Necrotic
0.0863435,-0.325697,0.2716628749656012,0.5,0.3,Necrotic
0.0148431,-0.0283251,0.2714544816374986,0.5,0.3,Necrotic
-0.310723,0.0474472,0.2716086817294153,0.5,0.3,Necrotic
-2.96026,-10.6715,0.3322037026589189,0.5,0.3,Viable tumour cell
-0.70902,0.107123,0.2718286587038987,0.5,0.3,Necrotic
-5.25783,3.70243,0.27671790502193,0.5,0.3,Necrotic
0.67066,-0.5337,0.27158537372485003,0.5,0.3,Necrotic
13.8213,-2.14843,0.5198316585943078,0.5,0.3,Viable tumour cell
-1.66078,-3.43104,0.2740464103539654,0.5,0.3,Necrotic
3.10526,-1.91163,0.27223346011667204,0.5,0.3,Necrotic
-0.772165,0.324617,0.27168851595602544,0.5,0.3,Necrotic
-0.239165,0.0802872,0.2715325129491972,0.5,0.3,Necrotic
-1.14727,-11.003,0.3305132423692434,0.5,0.3,Viable tumour cell
-1.29064,-1.32001,0.2731034149783331,0.5,0.3,Necrotic
4.02637,6.47848,0.2664213501077552,0.5,0.3,Necrotic
-1.50076,-16.898,0.8117761197273986,0.5,0.3,Viable tumour cell
-0.0152217,-0.11245,0.2715356674830656,0.5,0.3,Necrotic
3.24297,0.407329,0.27011586268694143,0.5,0.3,Necrotic
-0.431599,-0.034024,0.27175316694857776,0.5,0.3,Necrotic
-0.21947,0.155265,0.2714560742231185,0.5,0.3,Necrotic
0.14995,0.255608,0.271101082975868,0.5,0.3,Necrotic
-0.286342,-0.216547,0.27177572356740887,0.5,0.3,Necrotic
-7.96692,-6.63083,0.3060967049257507,0.5,0.3,Viable tumour cell
-0.00382697,0.00800894,0.27143305672849805,0.5,0.3,Necrotic
-0.963884,1.56894,0.2706324618714383,0.5,0.3,Necrotic
-0.981643,-8.52134,0.2832153857391057,0.5,0.3,Viable tumour cell
12.304,-4.0789,0.44054338510870894,0.5,0.3,Viable tumour cell
-0.412918,3.33805,0.26733811753613124,0.5,0.3,Necrotic
-4.34172,-1.35898,0.27557772203588904,0.5,0.3,Necrotic
-2.89593,1.53428,0.2731034349567624,0.5,0.3,Necrotic
0.592441,1.43389,0.26956961198685614,0.5,0.3,Necrotic
1.35084,-1.83452,0.27236308859579783,0.5,0.3,Necrotic
-0.620741,-0.565323,0.27223394809374635,0.5,0.3,Necrotic
-0.573114,0.874367,0.27104605971625206,0.5,0.3,Necrotic
-10.8088,2.25359,0.3340196813069549,0.5,0.3,Viable tumour cell
3.63419,-4.51553,0.2734707431622247,0.5,0.3,Necrotic
2.43692,2.95018,0.2669405009122561,0.5,0.3,Necrotic
2.5343,-5.19474,0.27349399328032853,0.5,0.3,Necrotic
11.0285,3.68867,0.35446003661511083,0.5,0.3,Viable tumour cell
-0.60452,-0.219588,0.2719935749052444,0.5,0.3,Necrotic
-4.23418,-2.10209,0.2755098108384577,0.5,0.3,Necrotic
-0.815726,0.261673,0.2717710198933558,0.5,0.3,Necrotic
3.55796,3.47313,0.26688479589643305,0.5,0.3,Necrotic
-0.00673239,2.58972,0.2682303396202745,0.5,0.3,Necrotic
-4.81241,0.273487,0.2759685746008095,0.5,0.3,Necrotic
0.00407733,-0.456203,0.27179946830867685,0.5,0.3,Necrotic
0.256393,-0.0727138,0.27137906818289564,0.5,0.3,Necrotic
4.34122,1.20202,0.2692112434999,0.5,0.3,Necrotic
5.69122,2.60207,0.2681877083524026,0.5,0.3,Necrotic
-2.62999,9.7307,0.29600145095383135,0.5,0.3,Viable tumour cell
6.57434,11.1656,0.4143179226303671,0.5,0.3,Viable tumour cell
0.319932,-0.229813,0.27148647630105915,0.5,0.3,Necrotic
-0.310297,-0.209853,0.2717875324131181,0.5,0.3,Necrotic
3.67952,7.40632,0.2676314800390007,0.5,0.3,Viable tumour cell
10.0512,-11.2723,0.568705629726993,0.5,0.3,Viable tumour cell
-4.38086,1.03812,0.2753381843770977,0.5,0.3,Necrotic
-2.50716,6.03463,0.26895521028262825,0.5,0.3,Necrotic
-0.564884,0.0372568,0.2717896632046668,0.5,0.3,Necrotic
7.21911,0.275356,0.2714853160188896,0.5,0.3,Viable tumour cell
-2.8774,0.272887,0.27371526670175245,0.5,0.3,Necrotic
0.286014,-0.239353,0.27151105023774486,0.5,0.3,Necrotic
13.4095,-7.49441,0.6168661418700686,0.5,0.3,Viable tumour cell
0.523808,2.14638,0.2686038262238713,0.5,0.3,Necrotic
-1.22787,10.4249,0.3041050054332849,0.5,0.3,Viable tumour cell
8.62024,6.07062,0.31382847729906,0.5,0.3,Viable tumour cell
-2.7822,4.49443,0.2710641617654712,0.5,0.3,Necrotic
-2.06293,-5.704,0.2746639470051756,0.5,0.3,Necrotic
-10.6567,-1.86504,0.3173080823413622,0.5,0.3,Viable tumour cell
-0.307201,-0.607941,0.2720894887142272,0.5,0.3,Necrotic
3.96088,1.22058,0.26923618814001166,0.5,0.3,Necrotic
13.5482,1.35678,0.4782810748833858,0.5,0.3,Viable tumour cell
2.76822,-0.321078,0.27088415368162666,0.5,0.3,Necrotic
-2.43324,-3.41547,0.2743539920295731,0.5,0.3,Necrotic
-17.0487,-3.11584,0.7316605292047911,0.5,0.3,Viable tumour cell
2.71165,7.57747,0.2633859117363865,0.5,0.3,Viable tumour cell
-9.53851,0.103365,0.29487971585518,0.5,0.3,Viable tumour cell
-1.47488,2.52451,0.2701199726543425,0.5,0.3,Necrotic
-4.22666,5.62388,0.27538665153719755,0.5,0.3,Necrotic
-0.91129,1.33061,0.2708324621505653,0.5,0.3,Necrotic
-5.68209,1.81232,0.27733750853242095,0.5,0.3,Necrotic
-0.368089,2.21583,0.26927118614272877,0.5,0.3,Necrotic
-7.08261,-0.286796,0.27838925707777507,0.5,0.3,Necrotic
-1.46273,1.23273,0.2715752497280147,0.5,0.3,Necrotic
-6.40076,13.1442,0.5043254769465425,0.5,0.3,Viable tumour cell
-1.02822,-1.20547,0.272903834705058,0.5,0.3,Necrotic
4.90638,-4.02925,0.27390375744773937,0.5,0.3,Necrotic
0.0916879,1.14878,0.2702092425667356,0.5,0.3,Necrotic
0.134728,1.35774,0.2699225378147127,0.5,0.3,Necrotic
3.64846,-0.977396,0.27153288276624715,0.5,0.3,Necrotic
-3.30857,-3.6246,0.2745441966910426,0.5,0.3,Necrotic
-0.691875,-0.0396239,0.2719334385304369,0.5,0.3,Necrotic
7.72807,16.037,0.8901340545075893,0.5,0.3,Viable tumour cell
-9.19567,6.22401,0.3367408292224522,0.5,0.3,Viable tumour cell
-2.14968,1.61112,0.27201845302911754,0.5,0.3,Necrotic
-15.1796,0.0388209,0.5510779354683615,0.5,0.3,Viable tumour cell
-2.80149,-1.80667,0.27431352956454036,0.5,0.3,Necrotic
8.13766,-4.71686,0.2937097323192511,0.5,0.3,Viable tumour cell
-0.256915,0.125788,0.27150627386129556,0.5,0.3,Necrotic
7.75207,-9.85203,0.39082719916093916,0.5,0.3,Viable tumour cell
-7.32025,6.38488,0.29971750077458975,0.5,0.3,Viable tumour cell
7.23588,5.13384,0.28050436633272224,0.5,0.3,Viable tumour cell
-4.63002,-5.70151,0.2730318160462538,0.5,0.3,Viable tumour cell
5.95345,5.83148,0.2711489628416742,0.5,0.3,Viable tumour cell
7.86647,-7.01145,0.31710151122296437,0.5,0.3,Viable tumour cell
4.8847,11.3404,0.38248649799986956,0.5,0.3,Viable tumour cell
0.551155,-0.2306,0.2713766718671471,0.5,0.3,Necrotic
0.942528,0.199303,0.27077417880754356,0.5,0.3,Necrotic
0.678503,-2.43169,0.2729196672891135,0.5,0.3,Necrotic
-5.70476,9.14697,0.3186634598226409,0.5,0.3,Viable tumour cell
0.0715485,1.95751,0.2692014256577751,0.5,0.3,Necrotic
-6.14869,-0.114316,0.27740297274215836,0.5,0.3,Necrotic
1.09335,9.22127,0.27525683376674365,0.5,0.3,Viable tumour cell
-3.9394,-2.80331,0.2751642526947227,0.5,0.3,Necrotic
-4.47928,14.2004,0.5226649294335258,0.5,0.3,Viable tumour cell
1.25051,2.51032,0.26760601679935225,0.5,0.3,Necrotic
0.926282,-1.92567,0.2725272813921801,0.5,0.3,Necrotic
-0.764383,9.30527,0.27925812650856374,0.5,0.3,Viable tumour cell
5.81376,0.786698,0.26931477392750136,0.5,0.3,Necrotic
10.2036,6.51057,0.3714013132053101,0.5,0.3,Viable tumour cell
1.20395,0.109146,0.27078363280329193,0.5,0.3,Necrotic
0.679639,-3.40541,0.2734571550331786,0.5,0.3,Necrotic
-0.309581,1.30105,0.27032507662394556,0.5,0.3,Necrotic
0.450125,-2.06936,0.27277749247713273,0.5,0.3,Necrotic
10.4883,-12.3305,0.6815914373004978,0.5,0.3,Viable tumour cell
-3.95441,0.634271,0.27485128828690153,0.5,0.3,Necrotic
2.57555,-1.60362,0.2720021941723173,0.5,0.3,Necrotic
-1.37051,2.95388,0.2695207251823916,0.5,0.3,Necrotic
-4.10858,-0.433155,0.2752201706274373,0.5,0.3,Necrotic
0.929927,-0.257841,0.271219558835623,0.5,0.3,Necrotic
-1.25644,-0.448648,0.27263115347725336,0.5,0.3,Necrotic
-0.776265,-1.54366,0.2729729172026575,0.5,0.3,Necrotic
0.248452,1.69894,0.2694301932034647,0.5,0.3,Necrotic
-9.41908,-8.09877,0.37696289163755503,0.5,0.3,Viable tumour cell
-6.65999,15.3942,0.7031421015803253,0.5,0.3,Viable tumour cell
2.88437,2.53179,0.26763866846342416,0.5,0.3,Necrotic
5.57469,-1.42047,0.27251729659126117,0.5,0.3,Necrotic
-6.52376,-10.6901,0.38632455820387446,0.5,0.3,Viable tumour cell
-11.5366,6.39463,0.44138957329166695,0.5,0.3,Viable tumour cell
0.725348,2.43857,0.26797031823744233,0.5,0.3,Necrotic
0.103979,-9.59565,0.2954924563786622,0.5,0.3,Viable tumour cell
-1.2808,-0.633966,0.27277474737561297,0.5,0.3,Necrotic
-0.758542,1.09,0.27096192176982203,0.5,0.3,Necrotic
12.5939,-7.20765,0.5390065555793236,0.5,0.3,Viable tumour cell
0.117118,0.0140001,0.2713668764698146,0.5,0.3,Necrotic
-3.11129,1.18133,0.2736160019404288,0.5,0.3,Necrotic
2.7375,0.0346713,0.270543607668592,0.5,0.3,Necrotic
-0.88962,-0.921181,0.2726566189090524,0.5,0.3,Necrotic
-0.603065,0.742936,0.27120101771342237,0.5,0.3,Necrotic
-0.782331,3.16461,0.2682001376069351,0.5,0.3,Necrotic
-0.600145,-0.826333,0.27242318821770295,0.5,0.3,Necrotic
-1.36851,1.16343,0.271531573725847,0.5,0.3,Necrotic
5.80319,-15.9291,0.6921803330903212,0.5,0.3,Viable tumour cell
3.11298,16.8332,0.8037441456020451,0.5,0.3,Viable tumour cell
-3.00773,2.8925,0.272508385832688,0.5,0.3,Necrotic
-4.73257,-17.0104,0.8561391332746957,0.5,0.3,Viable tumour cell
2.96273,-2.65716,0.2726895256296077,0.5,0.3,Necrotic
1.46147,0.878805,0.2698808757328947,0.5,0.3,Necrotic
-12.0836,-9.12595,0.5380447190503307,0.5,0.3,Viable tumour cell
-3.68858,-7.62309,0.2785350133511547,0.5,0.3,Viable tumour cell
9.61212,1.61157,0.30012913876049924,0.5,0.3,Viable tumour cell
1.06241,2.78095,0.26718717311663004,0.5,0.3,Necrotic
-1.4618,0.198981,0.272340155305142,0.5,0.3,Necrotic
-6.01378,2.34868,0.27794436716799187,0.5,0.3,Necrotic
-4.5952,-2.74748,0.2758177863571638,0.5,0.3,Necrotic
6.71265,4.33718,0.27323235289949455,0.5,0.3,Viable tumour cell
-0.346995,0.193289,0.2715105903113151,0.5,0.3,Necrotic
-3.46389,1.35217,0.2740548154590935,0.5,0.3,Necrotic
3.78341,0.242804,0.27029163662996997,0.5,0.3,Necrotic
-4.34873,-0.803605,0.2755237023326466,0.5,0.3,Necrotic
6.60171,8.50035,0.3202527807410774,0.5,0.3,Viable tumour cell
0.32246,-3.6785,0.27369831279179696,0.5,0.3,Necrotic
4.48196,-6.76672,0.27609606171321505,0.5,0.3,Viable tumour cell
3.10352,-0.12669,0.2706708851391364,0.5,0.3,Necrotic
-0.12577,-2.423,0.2731528819439434,0.5,0.3,Necrotic
14.6836,-3.37825,0.6234532149939145,0.5,0.3,Viable tumour cell
-5.38536,0.0216968,0.2766216392433869,0.5,0.3,Necrotic
-0.591041,0.772282,0.27116200314062583,0.5,0.3,Necrotic
0.162079,-0.367304,0.2716659249595792,0.5,0.3,Necrotic
-2.12107,-4.95509,0.27437399717971883,0.5,0.3,Necrotic
0.365306,0.1023,0.2711538006436741,0.5,0.3,Necrotic
-8.53664,10.4084,0.44427231004444395,0.5,0.3,Viable tumour cell
-0.548026,-0.383934,0.2720642842703307,0.5,0.3,Necrotic
3.51513,1.94873,0.2684434137547507,0.5,0.3,Necrotic
-11.2399,8.90808,0.5151965257605424,0.5,0.3,Viable tumour cell
-0.161391,0.232857,0.2713407407403339,0.5,0.3,Necrotic
-7.10896,-1.32974,0.27811555947214445,0.5,0.3,Necrotic
2.37423,2.04658,0.26824282544718436,0.5,0.3,Necrotic
-0.8217,2.93119,0.2687273066258991,0.5,0.3,Necrotic
-0.252788,-0.053892,0.27164505248561044,0.5,0.3,Necrotic
8.84606,-3.4113,0.2953187369941897,0.5,0.3,Viable tumour cell
-1.51876,-4.76045,0.274461422914658,0.5,0.3,Necrotic
-1.66341,-1.60669,0.2734617412870035,0.5,0.3,Necrotic
-6.34864,-5.46225,0.2783223158050545,0.5,0.3,Viable tumour cell
-0.214122,-0.142936,0.27167789806644016,0.5,0.3,Necrotic
1.16371,-1.62294,0.2722505515758812,0.5,0.3,Necrotic
2.45203,-0.0307867,0.2706438616394894,0.5,0.3,Necrotic
15.6555,6.02166,0.7403912136359012,0.5,0.3,Viable tumour cell
-0.141309,-0.105353,0.27160357267685054,0.5,0.3,Necrotic
-2.91607,1.11824,0.2733471563276728,0.5,0.3,Necrotic
-2.51978,-2.44462,0.2741954270978727,0.5,0.3,Necrotic
-0.437573,-0.0361886,0.27175865553692014,0.5,0.3,Necrotic
-4.23345,-3.09103,0.2753803675256037,0.5,0.3,Necrotic
0.322207,-0.105881,0.27137670425956467,0.5,0.3,Necrotic
-4.08186,-13.0474,0.45596913752745927,0.5,0.3,Viable tumour cell
-1.04922,-0.49716,0.2724877122797696,0.5,0.3,Necrotic
3.62236,-3.09,0.2730396718834145,0.5,0.3,Necrotic
1.08942,-0.382497,0.271269284233269,0.5,0.3,Necrotic
-1.66715,-1.39306,0.2733839808889784,0.5,0.3,Necrotic
-2.37899,0.874798,0.27286307236288804,0.5,0.3,Necrotic
-1.22248,2.47423,0.2698562510648273,0.5,0.3,Necrotic
-2.84014,-2.81414,0.2744193031456036,0.5,0.3,Necrotic
3.84878,1.13825,0.26932240575283867,0.5,0.3,Necrotic
3.21761,6.56916,0.2626433913465257,0.5,0.3,Necrotic
0.872506,-2.86256,0.2731140267632497,0.5,0.3,Necrotic
-2.20045,-10.7606,0.33041522232657317,0.5,0.3,Viable tumour cell
-1.52511,-5.26106,0.27459609951711006,0.5,0.3,Necrotic
-3.39709,8.12837,0.2792499693621938,0.5,0.3,Viable tumour cell
-0.108745,-0.317525,0.27174998060882055,0.5,0.3,Necrotic
-0.303932,-0.663095,0.27213162392705453,0.5,0.3,Necrotic
3.86142,1.83781,0.2686132980403805,0.5,0.3,Necrotic
-7.27665,-11.3665,0.43966273610346096,0.5,0.3,Viable tumour cell
1.1946,3.53666,0.2656112668746575,0.5,0.3,Necrotic
4.99169,12.3471,0.43682862038103115,0.5,0.3,Viable tumour cell
-8.74228,-7.52367,0.34127708415544594,0.5,0.3,Viable tumour cell
6.48931,-3.6814,0.27507700689954895,0.5,0.3,Necrotic
-1.18913,0.544612,0.2718182785473785,0.5,0.3,Necrotic
-1.07498,-3.96075,0.2741284595321462,0.5,0.3,Necrotic
-3.20316,-1.96287,0.27463621176302466,0.5,0.3,Necrotic
0.145176,-6.26248,0.2758673987798336,0.5,0.3,Necrotic
4.49853,-5.90289,0.274205475125318,0.5,0.3,Necrotic
6.44322,-2.04513,0.27360502282786725,0.5,0.3,Necrotic
0.685676,3.70829,0.26543199018192765,0.5,0.3,Necrotic
-0.200147,0.230524,0.2713751212126011,0.5,0.3,Necrotic
-0.112418,1.70484,0.2696542749725797,0.5,0.3,Necrotic
0.897627,-0.274675,0.27124975763779974,0.5,0.3,Necrotic
-4.14275,-11.0958,0.3592902731843989,0.5,0.3,Viable tumour cell
5.17374,-15.1342,0.6035283073874311,0.5,0.3,Viable tumour cell
0.183347,2.21924,0.26869751263429187,0.5,0.3,Necrotic
1.27315,-8.21519,0.2811898073093874,0.5,0.3,Necrotic
-4.06331,-5.19633,0.2732936690923953,0.5,0.3,Necrotic
5.9294,-13.6486,0.5230594771157502,0.5,0.3,Viable tumour cell
-5.94501,8.55117,0.310076736375066,0.5,0.3,Viable tumour cell
-1.18401,-0.113961,0.27234772508459687,0.5,0.3,Necrotic
-17.0916,-5.89445,0.862966260185888,0.5,0.3,Viable tumour cell
1.63846,1.58003,0.26894570176621563,0.5,0.3,Necrotic
-2.96495,-2.53293,0.27448511690376093,0.5,0.3,Necrotic
1.37945,-2.47704,0.2727613471028398,0.5,0.3,Necrotic
1.77125,-10.8726,0.3271849711022088,0.5,0.3,Viable tumour cell
-0.275874,2.42466,0.2688507730847409,0.5,0.3,Necrotic
-13.5381,-11.3631,0.8010168009464396,0.5,0.3,Viable tumour cell
4.30408,2.04811,0.26842983972604384,0.5,0.3,Necrotic
-0.611949,0.368327,0.27154306046331944,0.5,0.3,Necrotic
-5.55377,-1.58065,0.2768903887903822,0.5,0.3,Necrotic
-10.754,-5.98225,0.369440990114299,0.5,0.3,Viable tumour cell
-0.667638,-1.27457,0.27277639798412906,0.5,0.3,Necrotic
1.12995,1.05938,0.26977371881592227,0.5,0.3,Necrotic
0.389701,-0.152824,0.2713856186174855,0.5,0.3,Necrotic
-3.29449,-0.908152,0.27453243489906104,0.5,0.3,Necrotic
3.01074,-7.86314,0.27795075315311535,0.5,0.3,Viable tumour cell
-0.678707,-1.71407,0.2730217507168514,0.5,0.3,Necrotic
-0.231474,0.0460269,0.27155611873585295,0.5,0.3,Necrotic
-5.8883,-3.23941,0.2774774535964064,0.5,0.3,Necrotic
6.07891,1.90108,0.26815012958633727,0.5,0.3,Necrotic
-1.31088,-0.199577,0.2725120512248387,0.5,0.3,Necrotic
-8.4187,3.22147,0.29405076639514227,0.5,0.3,Necrotic
-4.6725,-6.57842,0.27457477302504063,0.5,0.3,Viable tumour cell
-2.24807,0.526125,0.27292749516644754,0.5,0.3,Necrotic
8.17876,-0.177192,0.2761542320049973,0.5,0.3,Viable tumour cell
-2.51319,-0.959479,0.27385930538999304,0.5,0.3,Necrotic
-2.88134,-1.54107,0.27430972597432396,0.5,0.3,Necrotic
1.21497,1.95118,0.26856309641773085,0.5,0.3,Necrotic
1.45311,-9.04044,0.28692289739437316,0.5,0.3,Viable tumour cell
2.59623,1.46622,0.2689299803436474,0.5,0.3,Necrotic
-3.13646,-0.437889,0.2742404060886301,0.5,0.3,Necrotic
7.34456,11.8229,0.47666240599212795,0.5,0.3,Viable tumour cell
1.96887,-5.79431,0.27366742557163215,0.5,0.3,Necrotic
-1.23042,3.80379,0.2679570873880865,0.5,0.3,Necrotic
-1.55868,-6.64886,0.27553930200719573,0.5,0.3,Necrotic
4.10971,8.14657,0.27660861692236893,0.5,0.3,Viable tumour cell
-3.44101,-1.41369,0.27471702186826014,0.5,0.3,Necrotic
3.0071,1.45257,0.2689570350671165,0.5,0.3,Necrotic
-10.0476,10.7756,0.5387183671850551,0.5,0.3,Viable tumour cell
5.53877,-3.06222,0.27379433116585494,0.5,0.3,Necrotic
0.385959,0.320914,0.27091002946633297,0.5,0.3,Necrotic
1.37575,-16.6349,0.7272736297909618,0.5,0.3,Viable tumour cell
-6.24889,-1.66329,0.27748296404672534,0.5,0.3,Necrotic
10.6833,1.41257,0.3299102352650808,0.5,0.3,Viable tumour cell
6.48849,-11.8784,0.4373719457352816,0.5,0.3,Viable tumour cell
-0.178875,-5.497,0.2750103591711664,0.5,0.3,Necrotic
-7.97705,6.9585,0.3210209700114978,0.5,0.3,Viable tumour cell
-12.5138,6.22,0.4963251964444559,0.5,0.3,Viable tumour cell
-5.242,2.78057,0.2765851914014507,0.5,0.3,Necrotic
3.73112,1.52097,0.26893758492023445,0.5,0.3,Necrotic
5.18168,-8.19138,0.2925593400915319,0.5,0.3,Viable tumour cell
3.18874,12.4708,0.40541959229427954,0.5,0.3,Viable tumour cell
-6.68362,5.63957,0.2863241556780973,0.5,0.3,Viable tumour cell
11.4231,9.66439,0.5468371326519036,0.5,0.3,Viable tumour cell
-3.3616,2.64728,0.27321477991318305,0.5,0.3,Necrotic
4.53139,4.01215,0.26713206298685666,0.5,0.3,Necrotic
-1.33452,-2.56906,0.27373090034043357,0.5,0.3,Necrotic
1.4939,-1.28971,0.2719339629754005,0.5,0.3,Necrotic
-2.87313,0.817015,0.2734842704830449,0.5,0.3,Necrotic
1.28159,-0.967294,0.27173780934461644,0.5,0.3,Necrotic
-0.743929,-6.24282,0.2754619525918396,0.5,0.3,Necrotic
-7.09979,-2.01959,0.2787103573836268,0.5,0.3,Necrotic
5.40992,9.17379,0.31365515339989636,0.5,0.3,Viable tumour cell
-10.9335,3.11594,0.34500065513264283,0.5,0.3,Viable tumour cell
-0.942344,-4.63411,0.27440665643218537,0.5,0.3,Necrotic
0.427565,0.0745975,0.2711536891355304,0.5,0.3,Necrotic
1.68602,11.5584,0.34755407109936914,0.5,0.3,Viable tumour cell
0.240715,-0.142713,0.27144794724060306,0.5,0.3,Necrotic
-1.79545,3.46809,0.26964583155960276,0.5,0.3,Necrotic
7.11172,9.49755,0.35863307724410093,0.5,0.3,Viable tumour cell
-11.4197,4.80028,0.3951003474989315,0.5,0.3,Viable tumour cell
2.88053,0.807974,0.26970254034921565,0.5,0.3,Necrotic
-4.68827,-13.6603,0.5111953858574725,0.5,0.3,Viable tumour cell
-13.6749,4.39141,0.5198265390228851,0.5,0.3,Viable tumour cell
-0.913291,0.0242021,0.2720369857841458,0.5,0.3,Necrotic
-12.4702,3.35171,0.4194977658068485,0.5,0.3,Viable tumour cell
-3.23747,-1.25551,0.2745173738081052,0.5,0.3,Necrotic
-0.221406,0.155765,0.27145696690738597,0.5,0.3,Necrotic
-0.00788165,1.48385,0.26984561126758055,0.5,0.3,Necrotic
-4.82969,0.838652,0.27598172083148814,0.5,0.3,Necrotic
1.59845,13.9969,0.47893741687701136,0.5,0.3,Viable tumour cell
-12.8768,-3.57363,0.41459550133042333,0.5,0.3,Viable tumour cell
-2.83056,-4.83218,0.27409014748577865,0.5,0.3,Necrotic
-0.239223,-0.142773,0.27169481710717874,0.5,0.3,Necrotic
0.441102,-2.70432,0.2731466562195194,0.5,0.3,Necrotic
0.320127,-2.35177,0.2729871146757236,0.5,0.3,Necrotic
1.34701,8.37406,0.2648728610992843,0.5,0.3,Viable tumour cell
-11.0412,13.1933,0.7983618803739678,0.5,0.3,Viable tumour cell
-5.40734,-7.20968,0.28141739758840273,0.5,0.3,Viable tumour cell
2.86978,2.14975,0.26812417816026635,0.5,0.3,Necrotic
-11.2253,-0.668773,0.3309420838816665,0.5,0.3,Viable tumour cell
0.81978,-1.30146,0.27211267681037693,0.5,0.3,Necrotic
-3.55188,17.5583,0.8458578554160171,0.5,0.3,Viable tumour cell
2.09711,3.22355,0.266305027223281,0.5,0.3,Necrotic
-7.88383,-0.894892,0.27935933329406953,0.5,0.3,Necrotic
7.77841,-6.15701,0.3020131979548395,0.5,0.3,Viable tumour cell
-0.531434,8.47218,0.26734546621014527,0.5,0.3,Viable tumour cell
6.81577,14.2011,0.6367962432464399,0.5,0.3,Viable tumour cell
0.0841928,-10.4001,0.3118862984377401,0.5,0.3,Viable tumour cell
2.64087,-1.08319,0.2715997634303319,0.5,0.3,Necrotic
4.88718,-5.40465,0.2745196454544035,0.5,0.3,Necrotic
5.10634,-6.26973,0.2761211337023678,0.5,0.3,Viable tumour cell
-6.96755,0.375033,0.27844936912860685,0.5,0.3,Necrotic
-1.04932,2.2589,0.2699221112246742,0.5,0.3,Necrotic
5.79137,-5.41753,0.27583316009187,0.5,0.3,Necrotic
-5.24995,14.5104,0.5669557768430586,0.5,0.3,Viable tumour cell
-1.51296,0.355531,0.27225181468742005,0.5,0.3,Necrotic
8.03011,7.7813,0.33190446843779725,0.5,0.3,Viable tumour cell
-2.90316,7.56472,0.2740828163621713,0.5,0.3,Necrotic
11.5637,5.53583,0.40865823862982165,0.5,0.3,Viable tumour cell
-12.149,-4.01794,0.38651740746959756,0.5,0.3,Viable tumour cell
-1.40656,6.87078,0.26334149623514924,0.5,0.3,Necrotic
-3.89418,0.259392,0.27484887180910467,0.5,0.3,Necrotic
-6.93862,13.6686,0.5633651087372372,0.5,0.3,Viable tumour cell
-2.27579,-4.41133,0.27422824904299686,0.5,0.3,Necrotic
0.452702,-5.47943,0.27485109809184155,0.5,0.3,Necrotic
-6.50846,6.67876,0.29311174767130976,0.5,0.3,Viable tumour cell
-16.063,2.39806,0.6888644041496564,0.5,0.3,Viable tumour cell
-0.219428,-0.712024,0.27212448964645536,0.5,0.3,Necrotic
-1.81966,1.69252,0.2715832488690712,0.5,0.3,Necrotic
-6.84371,2.07898,0.2797713068313312,0.5,0.3,Necrotic
7.45834,6.84965,0.3007429994315206,0.5,0.3,Viable tumour cell
-4.42429,7.94067,0.2840202379626328,0.5,0.3,Viable tumour cell
-2.14572,-7.37619,0.27642935470581453,0.5,0.3,Necrotic
11.2411,-12.6819,0.7764144314630046,0.5,0.3,Viable tumour cell
-10.6513,4.98714,0.36597839737867266,0.5,0.3,Viable tumour cell
2.01713,14.5224,0.5266426132979652,0.5,0.3,Viable tumour cell
13.922,10.7897,0.8043921359043631,0.5,0.3,Viable tumour cell
-2.93146,-4.03693,0.2743695580619271,0.5,0.3,Necrotic
7.0146,3.51499,0.2726404627479776,0.5,0.3,Viable tumour cell
3.7666,-0.38965,0.2709356083578996,0.5,0.3,Necrotic
3.59082,-7.26534,0.2757892618721965,0.5,0.3,Viable tumour cell
-4.4916,0.0323664,0.27560283375893424,0.5,0.3,Necrotic
-2.54074,-1.61247,0.27410626536604515,0.5,0.3,Necrotic
3.26837,1.53082,0.26889913704082485,0.5,0.3,Necrotic
-3.4892,2.15938,0.27369974781903306,0.5,0.3,Necrotic
7.22043,-4.30836,0.2795690607998816,0.5,0.3,Viable tumour cell
-12.7548,-0.364315,0.3927970552205781,0.5,0.3,Viable tumour cell
-2.32977,3.28503,0.2708318381791702,0.5,0.3,Necrotic
3.35956,-10.81,0.33292653913924997,0.5,0.3,Viable tumour cell
-0.802705,-0.891874,0.27258587109500654,0.5,0.3,Necrotic
-7.46171,5.36479,0.2934492503786133,0.5,0.3,Viable tumour cell
-10.3134,0.584145,0.3103983789527309,0.5,0.3,Viable tumour cell
-1.13685,-0.114105,0.272307850126648,0.5,0.3,Necrotic
16.108,2.96522,0.7260558512928144,0.5,0.3,Viable tumour cell
0.820282,4.4851,0.26293148327150356,0.5,0.3,Necrotic
6.1023,-6.15101,0.2795419448278718,0.5,0.3,Viable tumour cell
-1.57579,3.9815,0.26843185975810263,0.5,0.3,Necrotic
0.479322,-4.74925,0.2742612655172451,0.5,0.3,Necrotic
0.599618,-6.34313,0.27591303182866633,0.5,0.3,Necrotic
1.18591,-0.616922,0.2714466966963919,0.5,0.3,Necrotic
-10.5544,-6.99728,0.38624978520770137,0.5,0.3,Viable tumour cell
-3.78159,1.51769,0.2744299261124886,0.5,0.3,Necrotic
-10.9652,-13.5298,0.8227483177740051,0.5,0.3,Viable tumour cell
14.0677,-9.28199,0.7676781356168767,0.5,0.3,Viable tumour cell
1.80305,2.36564,0.2677380751477768,0.5,0.3,Necrotic
-3.56837,5.00126,0.27303766676860103,0.5,0.3,Necrotic
-2.73097,2.28947,0.27244834568718,0.5,0.3,Necrotic
-5.4731,0.618701,0.2767307523202243,0.5,0.3,Necrotic
12.5441,0.110023,0.41712487637811846,0.5,0.3,Viable tumour cell
-3.04154,-6.19529,0.2738183915553146,0.5,0.3,Necrotic
2.93343,1.83752,0.26850567058954394,0.5,0.3,Necrotic
-2.0347,-3.14815,0.27413406575079974,0.5,0.3,Necrotic
3.84978,14.3541,0.5449763009042031,0.5,0.3,Viable tumour cell
-7.63873,8.04811,0.3339632444431656,0.5,0.3,Viable tumour cell
-3.73222,-3.44304,0.2748025126939996,0.5,0.3,Necrotic
-0.24611,-2.79269,0.27339215192835,0.5,0.3,Necrotic
1.29986,1.4269,0.2692413013276093,0.5,0.3,Necrotic
9.22623,6.82628,0.34300787320885034,0.5,0.3,Viable tumour cell
-0.81461,-2.2732,0.27334860052192017,0.5,0.3,Necrotic
0.109695,-0.77154,0.27200861618887573,0.5,0.3,Necrotic
-16.4767,-2.61737,0.6670388123612307,0.5,0.3,Viable tumour cell
-0.763921,-0.734441,0.27244327082910225,0.5,0.3,Necrotic
-1.06819,5.1605,0.2646300113732113,0.5,0.3,Necrotic
1.78427,-2.75716,0.2728448180028614,0.5,0.3,Necrotic
9.35671,0.999547,0.29419976466621256,0.5,0.3,Viable tumour cell
-2.40873,-6.32697,0.2746255705548995,0.5,0.3,Necrotic
4.16656,-0.426709,0.27103277781925805,0.5,0.3,Necrotic
1.80665,5.95699,0.2586406628261821,0.5,0.3,Necrotic
5.60505,1.47846,0.26862580335821035,0.5,0.3,Necrotic
-0.717737,-2.85226,0.27357003655041134,0.5,0.3,Necrotic
-5.9167,4.15766,0.278152193285775,0.5,0.3,Necrotic
1.61834,-4.39257,0.27372566659080566,0.5,0.3,Necrotic
-13.2973,-4.12488,0.44638158661107175,0.5,0.3,Viable tumour cell
9.20053,-5.11781,0.32030916141228977,0.5,0.3,Viable tumour cell
8.06319,5.17207,0.29094221880505805,0.5,0.3,Viable tumour cell
15.4464,-4.15764,0.7250102881041764,0.5,0.3,Viable tumour cell
-3.56038,-3.96651,0.27457845294921757,0.5,0.3,Necrotic
-2.84221,0.429816,0.2736151520216928,0.5,0.3,Necrotic
-3.70696,3.33505,0.2737292363933412,0.5,0.3,Necrotic
-3.98658,-12.128,0.40153315317113353,0.5,0.3,Viable tumour cell
-2.46121,-1.25573,0.2739336308898136,0.5,0.3,Necrotic
0.513241,0.345617,0.27082277483723005,0.5,0.3,Necrotic
1.31454,-3.1491,0.27315613228671937,0.5,0.3,Necrotic
-5.74632,-4.80053,0.2762005545332059,0.5,0.3,Necrotic
12.4222,-7.8305,0.5493865944916567,0.5,0.3,Viable tumour cell
-8.27099,13.0064,0.5805329382045701,0.5,0.3,Viable tumour cell
12.9438,1.78436,0.43905372657633823,0.5,0.3,Viable tumour cell
7.19665,-0.650547,0.2733359785251609,0.5,0.3,Necrotic
2.88177,3.3086,0.2664951584514037,0.5,0.3,Necrotic
4.15885,-1.3386,0.27190569879032755,0.5,0.3,Necrotic
2.51733,-3.8227,0.27327033001793577,0.5,0.3,Necrotic
-0.43823,2.84228,0.26837559768305835,0.5,0.3,Necrotic
-4.41274,11.7847,0.3808139948198921,0.5,0.3,Viable tumour cell
4.48157,4.72877,0.2663330785655139,0.5,0.3,Necrotic
-1.34666,8.49189,0.27179496973703215,0.5,0.3,Viable tumour cell
0.113266,-4.09745,0.2739809126613614,0.5,0.3,Necrotic
-3.06671,-2.90183,0.2745797230632678,0.5,0.3,Necrotic
1.91319,9.2784,0.28003348948061635,0.5,0.3,Viable tumour cell
-2.41773,-9.98592,0.3085043759140379,0.5,0.3,Viable tumour cell
-2.18744,9.16712,0.28408781575915404,0.5,0.3,Viable tumour cell
2.66214,5.83384,0.26144644677983864,0.5,0.3,Necrotic
-4.99989,-8.97291,0.30390730048721937,0.5,0.3,Viable tumour cell
-1.82442,-2.87997,0.2740007087303335,0.5,0.3,Necrotic
-2.70981,-5.55282,0.27419090326719486,0.5,0.3,Necrotic
-4.96107,10.7383,0.34984912823709086,0.5,0.3,Viable tumour cell
-3.61616,-1.42995,0.2748811108860071,0.5,0.3,Necrotic
2.35714,-1.05496,0.2716029232061531,0.5,0.3,Necrotic
4.62265,-8.64253,0.29543515611890553,0.5,0.3,Viable tumour cell
-1.9988,5.30811,0.2674976504961394,0.5,0.3,Necrotic
-12.7877,-2.5055,0.39913516033299473,0.5,0.3,Viable tumour cell
12.1585,-3.40045,0.42132247088575725,0.5,0.3,Viable tumour cell
-3.85114,2.18958,0.27426797460099683,0.5,0.3,Necrotic
-1.03426,-15.3128,0.6052336874484302,0.5,0.3,Viable tumour cell
1.28482,1.48776,0.26916392979779125,0.5,0.3,Necrotic
-4.27148,-3.72901,0.27512135128007287,0.5,0.3,Necrotic
1.38674,-6.5359,0.27558388611810847,0.5,0.3,Necrotic
6.68864,-5.92862,0.2835487947234567,0.5,0.3,Viable tumour cell
-3.33569,-2.82939,0.27476734332200586,0.5,0.3,Necrotic
-7.76746,0.036586,0.2798092050953963,0.5,0.3,Necrotic
-0.377072,-11.0506,0.33020885069378025,0.5,0.3,Viable tumour cell
-0.159997,-4.88135,0.2744925914443386,0.5,0.3,Necrotic
9.83271,4.98488,0.33126823281382706,0.5,0.3,Viable tumour cell
1.91228,3.6719,0.26538794359757517,0.5,0.3,Necrotic
-13.9253,-5.63071,0.5261797325021174,0.5,0.3,Viable tumour cell
3.98366,0.634231,0.2698588462757648,0.5,0.3,Necrotic
-6.0236,-13.8169,0.5581673199717039,0.5,0.3,Viable tumour cell
-1.62412,9.77995,0.2898819043497793,0.5,0.3,Viable tumour cell
-6.77847,3.85513,0.2827856870033188,0.5,0.3,Necrotic
-9.77155,-1.63763,0.29747530731769023,0.5,0.3,Viable tumour cell
-10.99,8.30984,0.4764435369576745,0.5,0.3,Viable tumour cell
-7.66953,-8.3242,0.33317188427927574,0.5,0.3,Viable tumour cell
13.952,-4.81745,0.5757951350695432,0.5,0.3,Viable tumour cell
-2.02592,4.53478,0.26871582064513544,0.5,0.3,Necrotic
1.17333,-3.72688,0.27349394765521184,0.5,0.3,Necrotic
-0.0314787,-2.93404,0.27340333784741483,0.5,0.3,Necrotic
3.73641,1.27592,0.2691857353487471,0.5,0.3,Necrotic
0.419946,-7.88924,0.2794240273022004,0.5,0.3,Necrotic
8.12715,-2.01506,0.2781097846841651,0.5,0.3,Viable tumour cell
-12.0837,-7.39453,0.4655499369003223,0.5,0.3,Viable tumour cell
1.37751,0.453993,0.2703639956771686,0.5,0.3,Necrotic
-8.18268,-4.98309,0.2908258401039683,0.5,0.3,Viable tumour cell
2.84831,-2.2539,0.27245123212903066,0.5,0.3,Necrotic
1.40921,6.59829,0.2569485602601185,0.5,0.3,Viable tumour cell
-2.77609,-1.13449,0.274143028385877,0.5,0.3,Necrotic
-8.6676,9.42456,0.404633391785401,0.5,0.3,Viable tumour cell
-8.1135,-5.87616,0.2969853645943738,0.5,0.3,Viable tumour cell
8.6206,4.31688,0.29444241312367425,0.5,0.3,Viable tumour cell
-4.16847,-2.55568,0.2754007009129098,0.5,0.3,Necrotic
2.00706,-3.27197,0.2730680200298893,0.5,0.3,Necrotic
6.41418,-1.18734,0.2730441432575289,0.5,0.3,Necrotic
1.89862,-6.67622,0.27521357814223535,0.5,0.3,Necrotic
5.55699,-2.25236,0.27321324704393435,0.5,0.3,Necrotic
2.9712,-5.97565,0.2728369463317548,0.5,0.3,Necrotic
-5.084,-2.33146,0.2763532803637128,0.5,0.3,Necrotic
9.65994,-3.81128,0.32113242938973974,0.5,0.3,Viable tumour cell
4.05482,-5.06076,0.27370961010590383,0.5,0.3,Necrotic
2.83542,-17.769,0.8390655447641622,0.5,0.3,Viable tumour cell
2.76913,4.99563,0.26354533227341426,0.5,0.3,Necrotic
-14.5964,-5.33728,0.5684889527397075,0.5,0.3,Viable tumour cell
7.60239,2.78154,0.27553991461007676,0.5,0.3,Necrotic
11.8362,-9.36473,0.5784250709861265,0.5,0.3,Viable tumour cell
4.99478,-0.154159,0.2708102211259087,0.5,0.3,Necrotic
7.48626,1.19591,0.2726995211105907,0.5,0.3,Necrotic
-3.44398,5.85486,0.27310323059802366,0.5,0.3,Necrotic
4.66026,8.93472,0.2958528666250434,0.5,0.3,Viable tumour cell
0.0280105,-6.9971,0.2769730816546916,0.5,0.3,Necrotic
-3.52602,-1.10599,0.274771196525421,0.5,0.3,Necrotic
-3.37654,-5.36352,0.2731739405852743,0.5,0.3,Necrotic
-4.08805,-13.8772,0.512444315597014,0.5,0.3,Viable tumour cell
-6.30655,-3.89729,0.2781741823728722,0.5,0.3,Necrotic
-0.927291,-5.26014,0.2747607368916746,0.5,0.3,Necrotic
15.7824,6.95003,0.803294295446296,0.5,0.3,Viable tumour cell
-8.68442,-0.502424,0.28447133150517373,0.5,0.3,Viable tumour cell
10.4689,13.5273,0.791413850028975,0.5,0.3,Viable tumour cell
0.101871,3.6014,0.266147662113463,0.5,0.3,Necrotic
5.08839,1.14607,0.26916498693054774,0.5,0.3,Necrotic
3.86084,-10.1376,0.3169781071780223,0.5,0.3,Viable tumour cell
-5.11904,2.09169,0.276403062681442,0.5,0.3,Necrotic
7.57736,4.46883,0.2795221027314086,0.5,0.3,Viable tumour cell
-4.59001,-3.31012,0.27564255328213405,0.5,0.3,Necrotic
-2.02124,-8.29843,0.28105914275093224,0.5,0.3,Viable tumour cell
10.5645,11.1282,0.5824582731371357,0.5,0.3,Viable tumour cell
4.04353,1.64309,0.2688016615046908,0.5,0.3,Necrotic
-13.4008,0.890643,0.43663783054499095,0.5,0.3,Viable tumour cell
8.19189,10.1625,0.41246479895001886,0.5,0.3,Viable tumour cell
2.21151,-16.2586,0.6708967899233742,0.5,0.3,Viable tumour cell
5.63009,0.202711,0.27046519180121786,0.5,0.3,Necrotic
-9.64412,-7.238,0.36164902074276545,0.5,0.3,Viable tumour cell
1.8314,-10.1132,0.30517949737113453,0.5,0.3,Viable tumour cell
3.47929,5.80665,0.2643128359115351,0.5,0.3,Necrotic
0.8481,7.62553,0.2587056667969231,0.5,0.3,Viable tumour cell
1.51501,4.18,0.263972244009112,0.5,0.3,Necrotic
12.671,6.64183,0.49929942858737647,0.5,0.3,Viable tumour cell
8.32171,0.60633,0.27834067733276624,0.5,0.3,Viable tumour cell
-5.50228,-6.518,0.27699623787671995,0.5,0.3,Viable tumour cell
-2.12073,6.82745,0.26764782691676947,0.5,0.3,Viable tumour cell
3.10233,4.09685,0.2655410424801763,0.5,0.3,Necrotic
-6.2495,9.96517,0.35032769552754034,0.5,0.3,Viable tumour cell
2.01561,-4.16155,0.2734338557539744,0.5,0.3,Necrotic
1.87015,7.5362,0.26002675961244026,0.5,0.3,Viable tumour cell
1.12769,-17.4335,0.8280217968576191,0.5,0.3,Viable tumour cell
-10.2454,1.72465,0.3130763210068807,0.5,0.3,Viable tumour cell
13.6351,-2.8913,0.5165197205609064,0.5,0.3,Viable tumour cell
5.47888,9.91379,0.3370731336726239,0.5,0.3,Viable tumour cell
-8.36963,7.79933,0.3469199328844944,0.5,0.3,Viable tumour cell
0.934763,-9.70356,0.2971885755117965,0.5,0.3,Viable tumour cell
12.0469,4.93201,0.4185645567881116,0.5,0.3,Viable tumour cell
5.0441,6.52425,0.27050876435102206,0.5,0.3,Viable tumour cell
-9.20196,-2.83384,0.29262879877715237,0.5,0.3,Viable tumour cell
7.24364,10.1389,0.3844552401531236,0.5,0.3,Viable tumour cell
-4.31056,-4.50239,0.27434991930610586,0.5,0.3,Necrotic
-4.99777,1.35314,0.27618465204409326,0.5,0.3,Necrotic
-0.349531,5.12717,0.26258279455381717,0.5,0.3,Necrotic
-9.83131,7.11529,0.37927736405087403,0.5,0.3,Viable tumour cell
11.9367,9.09521,0.5491347291245168,0.5,0.3,Viable tumour cell
-9.1798,2.87726,0.30116765433768417,0.5,0.3,Viable tumour cell
-6.82634,3.13593,0.281504569523885,0.5,0.3,Viable tumour cell
0.121659,4.36418,0.26406067306174696,0.5,0.3,Necrotic
3.74711,-1.73224,0.2721765942367867,0.5,0.3,Necrotic
-0.891038,-6.87845,0.275930169492094,0.5,0.3,Necrotic
-1.4675,-12.5355,0.39962582672092734,0.5,0.3,Viable tumour cell
8.99318,-4.24871,0.3056767108915036,0.5,0.3,Viable tumour cell
-4.84772,-1.00551,0.2760609707056514,0.5,0.3,Necrotic
-7.61737,1.82902,0.282073030784067,0.5,0.3,Viable tumour cell
-5.81378,10.7724,0.36911482652812766,0.5,0.3,Viable tumour cell
-5.24994,-2.82287,0.27653241514106536,0.5,0.3,Necrotic
6.23558,-8.82048,0.31923124214122023,0.5,0.3,Viable tumour cell
2.28961,4.3255,0.2644102383062559,0.5,0.3,Necrotic
-7.53612,8.86657,0.3510401141963654,0.5,0.3,Viable tumour cell
-5.93845,5.10226,0.2797224370889485,0.5,0.3,Necrotic
14.5729,3.89397,0.5780074265154888,0.5,0.3,Viable tumour cell
-7.61193,4.52442,0.29019888887352663,0.5,0.3,Viable tumour cell
2.35945,-9.40883,0.2933353646246525,0.5,0.3,Viable tumour cell
1.56057,-7.38895,0.27755574056410676,0.5,0.3,Necrotic
-4.31762,4.75177,0.2749295194843612,0.5,0.3,Necrotic
-10.808,3.97308,0.354808036437448,0.5,0.3,Viable tumour cell
6.65007,1.09918,0.26930907928683007,0.5,0.3,Viable tumour cell
-16.8554,-1.8301,0.7007828917149421,0.5,0.3,Viable tumour cell
4.52977,-10.5391,0.33771444505644693,0.5,0.3,Viable tumour cell
8.01716,9.34905,0.3763514272915754,0.5,0.3,Viable tumour cell
10.2408,0.69628,0.3158492354461936,0.5,0.3,Viable tumour cell
14.1293,9.09396,0.7167904418344393,0.5,0.3,Viable tumour cell
4.31575,5.69455,0.26597013015539517,0.5,0.3,Necrotic
0.727296,-8.84771,0.2851768979125246,0.5,0.3,Viable tumour cell
0.552271,5.03124,0.26140851481356236,0.5,0.3,Necrotic
1.24981,10.9708,0.3214008772655285,0.5,0.3,Viable tumour cell
-0.262878,-8.57714,0.2838835518280698,0.5,0.3,Necrotic
-11.3612,-1.40151,0.3365714267357338,0.5,0.3,Viable tumour cell
-0.2988,9.9516,0.28998129835274444,0.5,0.3,Viable tumour cell
9.1179,2.07628,0.2918615914944153,0.5,0.3,Viable tumour cell
-17.1859,-1.1738,0.7367559244213209,0.5,0.3,Viable tumour cell
4.59957,-7.7198,0.2820710297709066,0.5,0.3,Viable tumour cell
-15.1632,5.041,0.6898162874525258,0.5,0.3,Viable tumour cell
0.231971,-12.8305,0.4068131857071542,0.5,0.3,Viable tumour cell
8.56031,-8.34842,0.36895450387624584,0.5,0.3,Viable tumour cell
-2.64449,5.29218,0.26970510138627896,0.5,0.3,Necrotic
-5.18526,4.41832,0.27665183678890165,0.5,0.3,Necrotic
5.18538,3.35657,0.26820243243813885,0.5,0.3,Necrotic
1.83588,-5.20405,0.2737530679136388,0.5,0.3,Necrotic
-8.7874,6.78065,0.3358803103384887,0.5,0.3,Viable tumour cell
13.2091,11.4535,0.8053840325227078,0.5,0.3,Viable tumour cell
-5.69646,-3.91718,0.2769549226925603,0.5,0.3,Necrotic
5.14194,5.83624,0.2680899243674694,0.5,0.3,Viable tumour cell
4.00888,2.32055,0.26816048063542264,0.5,0.3,Necrotic
-9.82913,5.47984,0.3444186002126878,0.5,0.3,Viable tumour cell
9.98802,-7.48,0.3982665380197534,0.5,0.3,Viable tumour cell
-2.70248,-8.03967,0.27992871321298074,0.5,0.3,Viable tumour cell
-4.4567,3.91852,0.27510945443717993,0.5,0.3,Necrotic
-8.66047,-1.21643,0.28385101600986706,0.5,0.3,Viable tumour cell
-1.03897,16.8932,0.750087165561565,0.5,0.3,Viable tumour cell
5.61542,16.4174,0.8247186646639367,0.5,0.3,Viable tumour cell
4.86657,-1.71828,0.2724416208876418,0.5,0.3,Necrotic
-2.47646,8.31496,0.2767273029675202,0.5,0.3,Necrotic
1.44519,9.95938,0.291509642513341,0.5,0.3,Viable tumour cell
4.50654,7.47893,0.2727253326276179,0.5,0.3,Viable tumour cell
-3.15603,16.7167,0.7308180991720592,0.5,0.3,Viable tumour cell
-10.1748,2.52215,0.31793916187727256,0.5,0.3,Viable tumour cell
6.89632,-10.174,0.37531883081733713,0.5,0.3,Viable tumour cell
-11.5842,5.37537,0.4174154438659331,0.5,0.3,Viable tumour cell
6.51728,-11.1087,0.4013293708335108,0.5,0.3,Viable tumour cell
7.05553,13.4539,0.5831241060026245,0.5,0.3,Viable tumour cell
-7.53466,3.62142,0.28785802992536863,0.5,0.3,Necrotic
6.2734,4.99082,0.2719895903190306,0.5,0.3,Necrotic
-7.89354,-9.28272,0.3671250169316668,0.5,0.3,Viable tumour cell
4.45829,3.02489,0.26775240189854355,0.5,0.3,Necrotic
5.40139,-4.56971,0.2743866065446995,0.5,0.3,Necrotic
-7.83348,0.898065,0.2806471576141994,0.5,0.3,Necrotic
6.52871,2.79437,0.27011612381364114,0.5,0.3,Viable tumour cell
3.0879,10.7385,0.32558324244970915,0.5,0.3,Viable tumour cell
4.62004,-4.72671,0.27409992398358124,0.5,0.3,Necrotic
8.10323,-2.87192,0.2819454894810737,0.5,0.3,Viable tumour cell
-13.0116,-6.09224,0.4796810992441716,0.5,0.3,Viable tumour cell
6.28588,9.34907,0.33560560491695474,0.5,0.3,Viable tumour cell
7.2608,-11.38,0.4402647237293026,0.5,0.3,Viable tumour cell
2.79673,-12.4337,0.392741349434625,0.5,0.3,Viable tumour cell
3.38241,13.47,0.4699540340724966,0.5,0.3,Viable tumour cell
-8.31676,5.01163,0.3017242031510948,0.5,0.3,Viable tumour cell
5.60828,-0.656749,0.2716137530650128,0.5,0.3,Necrotic
13.3521,-0.503902,0.4702163292196715,0.5,0.3,Viable tumour cell
-2.28512,12.7069,0.396958043133641,0.5,0.3,Viable tumour cell
-8.61693,1.32747,0.28614900466045246,0.5,0.3,Viable tumour cell
6.21604,-7.8137,0.2973505331536049,0.5,0.3,Viable tumour cell
11.4752,-1.08823,0.36693274054629493,0.5,0.3,Viable tumour cell
-3.74482,9.55523,0.30309527462313396,0.5,0.3,Viable tumour cell
-4.71651,7.15981,0.2808037131670672,0.5,0.3,Necrotic
2.39164,8.25968,0.26735487001050406,0.5,0.3,Viable tumour cell
-17.2357,1.13285,0.7819882774540329,0.5,0.3,Viable tumour cell
2.21175,9.97971,0.2943807141730628,0.5,0.3,Viable tumour cell
-9.19735,10.813,0.49209541318640143,0.5,0.3,Viable tumour cell
4.07387,15.4285,0.6516235327428952,0.5,0.3,Viable tumour cell
14.9054,1.83815,0.5927697228533699,0.5,0.3,Viable tumour cell
-4.80087,-11.7944,0.3994163621281428,0.5,0.3,Viable tumour cell
-14.0191,-1.5112,0.4613996018953697,0.5,0.3,Viable tumour cell
-8.97593,-2.23381,0.2886914449552195,0.5,0.3,Viable tumour cell
0.593516,-11.3788,0.3408468947959061,0.5,0.3,Viable tumour cell
4.11846,-11.2969,0.3581825292885668,0.5,0.3,Viable tumour cell
-13.9549,1.02475,0.4736192110040869,0.5,0.3,Viable tumour cell
-8.73182,-12.4481,0.5703038085646711,0.5,0.3,Viable tumour cell
-8.23351,-2.62844,0.2833251250389926,0.5,0.3,Viable tumour cell
-4.82719,-10.7196,0.3539289769003448,0.5,0.3,Viable tumour cell
-5.28305,10.194,0.3381857842761189,0.5,0.3,Viable tumour cell
6.20308,-9.70088,0.3401535005786897,0.5,0.3,Viable tumour cell
-15.7375,-2.79463,0.6004063034075948,0.5,0.3,Viable tumour cell
-0.436445,6.75151,0.259086319749695,0.5,0.3,Viable tumour cell
7.17437,7.6975,0.31237636145401615,0.5,0.3,Viable tumour cell
-5.10906,5.40498,0.27745266687866743,0.5,0.3,Necrotic
0.953805,15.6324,0.6216046183969703,0.5,0.3,Viable tumour cell
13.3072,5.87762,0.5189027709507804,0.5,0.3,Viable tumour cell
-15.2565,-3.68086,0.5771426253449564,0.5,0.3,Viable tumour cell
-3.86318,-10.3447,0.329878360775391,0.5,0.3,Viable tumour cell
-6.11279,12.1807,0.43937919071515347,0.5,0.3,Viable tumour cell
-2.96908,-7.06045,0.2748063820445552,0.5,0.3,Necrotic
9.85333,-1.00832,0.3070292462574483,0.5,0.3,Viable tumour cell
-3.43565,-8.74994,0.2891943970542847,0.5,0.3,Viable tumour cell
-11.9319,-10.8848,0.6389043478664965,0.5,0.3,Viable tumour cell
4.96242,-2.51714,0.2730943969738776,0.5,0.3,Necrotic
3.75872,12.6922,0.4283777117688995,0.5,0.3,Viable tumour cell
7.66732,8.49699,0.34180410104500014,0.5,0.3,Viable tumour cell
-13.137,9.12895,0.681162292637461,0.5,0.3,Viable tumour cell
8.51494,6.76497,0.32299194009151455,0.5,0.3,Viable tumour cell
1.18304,-4.94295,0.27412814824599985,0.5,0.3,Necrotic
-14.5687,-9.99596,0.7796663902693942,0.5,0.3,Viable tumour cell
6.18935,3.41869,0.269464918663647,0.5,0.3,Necrotic
0.998582,14.6361,0.5257682060669713,0.5,0.3,Viable tumour cell
-2.48479,-13.3269,0.45379406392695143,0.5,0.3,Viable tumour cell
-9.39051,13.9509,0.7289295020841091,0.5,0.3,Viable tumour cell
-6.76334,-14.1986,0.6213428257748262,0.5,0.3,Viable tumour cell
7.19686,-3.42634,0.27747370867056065,0.5,0.3,Viable tumour cell
6.16174,-4.44425,0.2754204457650634,0.5,0.3,Viable tumour cell
-0.624142,16.067,0.6534877241219497,0.5,0.3,Viable tumour cell
-2.93675,14.9073,0.5458613326728712,0.5,0.3,Viable tumour cell
5.45774,4.92926,0.26816329489793705,0.5,0.3,Necrotic
-6.01918,15.1201,0.6490125250205646,0.5,0.3,Viable tumour cell
-13.8072,-0.74976,0.4496894948586517,0.5,0.3,Viable tumour cell
-13.3656,-2.0254,0.4252829270997692,0.5,0.3,Viable tumour cell
3.32843,2.91599,0.26728494898656774,0.5,0.3,Necrotic
9.35392,-5.99223,0.33957717783836977,0.5,0.3,Viable tumour cell
11.4789,-8.42485,0.5085042080355413,0.5,0.3,Viable tumour cell
2.08299,-8.35044,0.2816521543644015,0.5,0.3,Viable tumour cell
10.1818,2.43232,0.31682896477325995,0.5,0.3,Viable tumour cell
15.2706,0.878433,0.6274809660941921,0.5,0.3,Viable tumour cell
5.77535,14.6621,0.6341047199959591,0.5,0.3,Viable tumour cell
14.2001,7.66302,0.6539733117841502,0.5,0.3,Viable tumour cell
-11.4061,-10.2303,0.5605231562623159,0.5,0.3,Viable tumour cell
8.40548,2.79422,0.28355221294142813,0.5,0.3,Viable tumour cell
-10.4761,-1.23395,0.3112683305809901,0.5,0.3,Viable tumour cell
-3.52795,15.0832,0.5720254196108643,0.5,0.3,Viable tumour cell
-13.7025,-8.57648,0.6245863266394338,0.5,0.3,Viable tumour cell
-9.01488,5.58475,0.3212795807937704,0.5,0.3,Viable tumour cell
12.1837,3.66692,0.40579633737596243,0.5,0.3,Viable tumour cell
-6.82387,10.562,0.388577930206956,0.5,0.3,Viable tumour cell
6.20683,-7.06574,0.2884825954650381,0.5,0.3,Viable tumour cell
15.8703,-2.43767,0.752051660994671,0.5,0.3,Viable tumour cell
-9.98112,4.2618,0.3292863534212209,0.5,0.3,Viable tumour cell
2.19836,6.69739,0.2587586614092543,0.5,0.3,Viable tumour cell
15.8894,-0.628824,0.7098993054564219,0.5,0.3,Viable tumour cell
9.70381,-1.90199,0.3075219886171792,0.5,0.3,Viable tumour cell
-8.51341,2.4524,0.29123761233090734,0.5,0.3,Viable tumour cell
-3.77358,13.4201,0.4557364412299433,0.5,0.3,Viable tumour cell
7.17872,-2.44777,0.27489682913477426,0.5,0.3,Viable tumour cell
-4.28428,10.2338,0.3251332127615707,0.5,0.3,Viable tumour cell
-13.7393,8.04665,0.6719985906625247,0.5,0.3,Viable tumour cell
-1.65377,-9.32249,0.293745803842329,0.5,0.3,Viable tumour cell
-12.0438,-2.90596,0.3702181591470966,0.5,0.3,Viable tumour cell
-9.66195,11.5115,0.5626302774473159,0.5,0.3,Viable tumour cell
-7.17676,-6.76081,0.2928290303329263,0.5,0.3,Viable tumour cell
11.6394,-10.9866,0.6643150605323507,0.5,0.3,Viable tumour cell
-6.73062,-3.1824,0.2791390224597782,0.5,0.3,Necrotic
-16.6624,1.39543,0.7230856724326341,0.5,0.3,Viable tumour cell
8.91169,0.167201,0.28541634481441397,0.5,0.3,Viable tumour cell
4.16418,-13.576,0.4697013817606137,0.5,0.3,Viable tumour cell
2.22173,-7.57941,0.2770825025041199,0.5,0.3,Necrotic
-8.98614,-6.44691,0.3251279197542169,0.5,0.3,Viable tumour cell
-14.3055,3.64287,0.5500409633318262,0.5,0.3,Viable tumour cell
-1.62285,-10.0996,0.30790965073134446,0.5,0.3,Viable tumour cell
-9.04956,-5.75506,0.3145985593858036,0.5,0.3,Viable tumour cell
-6.81709,8.39471,0.3232012655286527,0.5,0.3,Viable tumour cell
-4.45289,-7.46957,0.27837574297085305,0.5,0.3,Viable tumour cell
10.5605,-3.34999,0.3474362279904815,0.5,0.3,Viable tumour cell
-12.826,-7.97102,0.5318327584043613,0.5,0.3,Viable tumour cell
-0.687826,-12.6657,0.40210093333302677,0.5,0.3,Viable tumour cell
10.9932,-6.16085,0.41052947404555795,0.5,0.3,Viable tumour cell
9.43106,-9.81952,0.4566326687019877,0.5,0.3,Viable tumour cell
10.4886,-1.42444,0.32948851921741257,0.5,0.3,Viable tumour cell
9.58351,5.82597,0.33663826814156794,0.5,0.3,Viable tumour cell
-8.62294,0.638085,0.2849846713790392,0.5,0.3,Viable tumour cell
0.949479,-13.2335,0.42742316109526524,0.5,0.3,Viable tumour cell
-8.10743,-9.95372,0.3956008673997237,0.5,0.3,Viable tumour cell
5.36602,-9.07432,0.3112157389050178,0.5,0.3,Viable tumour cell
10.5947,-0.623801,0.3302989061493446,0.5,0.3,Viable tumour cell
12.9802,-5.66522,0.5180133562793461,0.5,0.3,Viable tumour cell
-5.66512,-5.51768,0.276208887716162,0.5,0.3,Necrotic
13.9249,3.12659,0.5136965684451232,0.5,0.3,Viable tumour cell
3.88265,-16.3318,0.6845890940512923,0.5,0.3,Viable tumour cell
9.8882,-0.167483,0.30607008997265356,0.5,0.3,Viable tumour cell
-7.27855,-6.01848,0.28855013897859205,0.5,0.3,Viable tumour cell
3.23478,-11.678,0.3634083588447571,0.5,0.3,Viable tumour cell
-1.04766,-16.0313,0.6853080980589766,0.5,0.3,Viable tumour cell
8.47759,-9.89215,0.41884184496974675,0.5,0.3,Viable tumour cell
6.36135,-15.1965,0.658047361182774,0.5,0.3,Viable tumour cell
5.10185,4.16399,0.26759898963217366,0.5,0.3,Necrotic
-7.44824,-5.02757,0.28430126042944626,0.5,0.3,Viable tumour cell
12.8864,-3.67989,0.47058747084224967,0.5,0.3,Viable tumour cell
-7.68219,-13.7228,0.6238581148210227,0.5,0.3,Viable tumour cell
-0.979578,7.77679,0.26389804815698253,0.5,0.3,Viable tumour cell
-2.64174,-11.6431,0.36574191507992626,0.5,0.3,Viable tumour cell
8.13011,-1.14658,0.2778909238693377,0.5,0.3,Viable tumour cell
6.82506,6.09382,0.28182414190055805,0.5,0.3,Viable tumour cell
-8.42543,-14.1338,0.7050435520712448,0.5,0.3,Viable tumour cell
-7.73267,2.73778,0.28598199966644394,0.5,0.3,Necrotic
-13.377,2.66527,0.46053951752119626,0.5,0.3,Viable tumour cell
9.1246,5.03472,0.31084583216288564,0.5,0.3,Viable tumour cell
-6.163,-8.12668,0.30030670987683217,0.5,0.3,Viable tumour cell
-1.72659,-15.7643,0.6599262698261296,0.5,0.3,Viable tumour cell
9.56684,-7.973,0.3955589261412715,0.5,0.3,Viable tumour cell
-2.65683,-8.90977,0.28856262655718223,0.5,0.3,Viable tumour cell
0.0251269,9.35208,0.279230789278665,0.5,0.3,Viable tumour cell
16.3257,4.68992,0.7767428830132684,0.5,0.3,Viable tumour cell
-6.17221,-7.19659,0.28657613495133727,0.5,0.3,Viable tumour cell
2.99137,-8.77141,0.28538407501486684,0.5,0.3,Viable tumour cell
-15.843,6.99019,0.8465650537855347,0.5,0.3,Viable tumour cell
0.54299,8.32102,0.26376276669601373,0.5,0.3,Viable tumour cell
3.92328,11.0686,0.35248838513859115,0.5,0.3,Viable tumour cell
-2.73101,-14.915,0.5834479737429423,0.5,0.3,Viable tumour cell
-15.3309,-8.53809,0.7813897410779369,0.5,0.3,Viable tumour cell
14.7368,-5.08495,0.660402887615132,0.5,0.3,Viable tumour cell
14.6259,-6.00705,0.6768449493523805,0.5,0.3,Viable tumour cell
-7.07346,14.7001,0.655538620520413,0.5,0.3,Viable tumour cell
9.46199,4.25523,0.3119323235777215,0.5,0.3,Viable tumour cell
-6.37464,-6.37761,0.28309553011342686,0.5,0.3,Viable tumour cell
-10.0023,-4.48766,0.319889602089059,0.5,0.3,Viable tumour cell
-1.57565,10.9835,0.32101494239715106,0.5,0.3,Viable tumour cell
5.83904,6.57152,0.2759367955101711,0.5,0.3,Viable tumour cell
-1.37456,13.0311,0.4071016312168439,0.5,0.3,Viable tumour cell
14.5776,-4.38111,0.6293256586231957,0.5,0.3,Viable tumour cell
-16.2828,-5.44775,0.7398828979685222,0.5,0.3,Viable tumour cell
-9.6939,-10.772,0.5052100662880792,0.5,0.3,Viable tumour cell
-0.0641396,-15.5454,0.622933210063807,0.5,0.3,Viable tumour cell
11.0142,4.94495,0.3708085480981519,0.5,0.3,Viable tumour cell
3.63744,-13.0688,0.43261400164939157,0.5,0.3,Viable tumour cell
1.51615,-15.504,0.6007222430265537,0.5,0.3,Viable tumour cell
-5.09159,-15.2153,0.6558006274823464,0.5,0.3,Viable tumour cell
-14.1357,6.39915,0.6307047765576813,0.5,0.3,Viable tumour cell
5.9282,8.31756,0.3030479735032104,0.5,0.3,Viable tumour cell
-8.9396,-9.79845,0.4211913593779521,0.5,0.3,Viable tumour cell
4.67745,9.64439,0.31444709370904406,0.5,0.3,Viable tumour cell
-12.228,4.58011,0.4314290752073928,0.5,0.3,Viable tumour cell
-0.613246,-10.3083,0.3107351189034314,0.5,0.3,Viable tumour cell
-3.37963,-14.916,0.592155130829612,0.5,0.3,Viable tumour cell
13.8029,4.46226,0.5232918140098595,0.5,0.3,Viable tumour cell
0.531525,9.99821,0.2910646851377683,0.5,0.3,Viable tumour cell
-14.5377,-8.92777,0.7148673417525797,0.5,0.3,Viable tumour cell
-12.6,9.467,0.6532797454606656,0.5,0.3,Viable tumour cell
11.355,8.8295,0.5008888075762177,0.5,0.3,Viable tumour cell
14.256,0.882512,0.5325546201045832,0.5,0.3,Viable tumour cell
2.90865,9.1139,0.2806963138409925,0.5,0.3,Viable tumour cell
4.81062,13.0078,0.47109664092431125,0.5,0.3,Viable tumour cell
5.46622,7.42568,0.28357625634737066,0.5,0.3,Viable tumour cell
-0.806352,-9.31256,0.29197705548809727,0.5,0.3,Viable tumour cell
1.11871,-10.6901,0.31927775091930466,0.5,0.3,Viable tumour cell
-9.12618,8.34727,0.3856448076009222,0.5,0.3,Viable tumour cell
-12.3659,-1.96574,0.37650379617442775,0.5,0.3,Viable tumour cell
-11.7372,-4.91989,0.387072973787859,0.5,0.3,Viable tumour cell
7.13073,-1.55446,0.27407455706103545,0.5,0.3,Necrotic
-12.8373,4.14432,0.457726761983936,0.5,0.3,Viable tumour cell
-4.13106,8.90872,0.2945629784302471,0.5,0.3,Viable tumour cell
13.8626,5.28399,0.5452904775572456,0.5,0.3,Viable tumour cell
-6.99219,7.1676,0.30423231347943996,0.5,0.3,Viable tumour cell
-6.65645,-13.663,0.5698000652703454,0.5,0.3,Viable tumour cell
9.93705,-5.64092,0.35170814788957894,0.5,0.3,Viable tumour cell
0.086829,-14.4802,0.5197811506611443,0.5,0.3,Viable tumour cell
-7.87606,11.9829,0.49449754791146205,0.5,0.3,Viable tumour cell
-4.5887,9.50171,0.3101436566389366,0.5,0.3,Viable tumour cell
4.52948,-17.8293,0.8555372304332739,0.5,0.3,Viable tumour cell
0.818206,-14.0547,0.4824256105812851,0.5,0.3,Viable tumour cell
-6.51267,9.10035,0.33217085087476805,0.5,0.3,Viable tumour cell
0.0622136,7.60319,0.2593525333365279,0.5,0.3,Viable tumour cell
8.98252,12.5596,0.6011701704442411,0.5,0.3,Viable tumour cell
-12.1107,-0.909116,0.36367086961690714,0.5,0.3,Viable tumour cell
3.09716,-15.9154,0.6383475416176245,0.5,0.3,Viable tumour cell
9.86548,11.0058,0.5327264115685237,0.5,0.3,Viable tumour cell
12.6119,1.13986,0.4168429308050099,0.5,0.3,Viable tumour cell
14.6699,4.65798,0.6018533174080911,0.5,0.3,Viable tumour cell
3.27509,-13.864,0.477248382155537,0.5,0.3,Viable tumour cell
3.3304,15.0476,0.5932798542326868,0.5,0.3,Viable tumour cell
8.85705,-2.4224,0.28997543969242046,0.5,0.3,Viable tumour cell
-11.8078,3.64174,0.39118190641116435,0.5,0.3,Viable tumour cell
9.58541,-12.0554,0.5924047120495641,0.5,0.3,Viable tumour cell
-12.9868,12.141,0.8759536025274473,0.5,0.3,Viable tumour cell
8.98731,7.59924,0.3552218386183778,0.5,0.3,Viable tumour cell
4.94641,8.08841,0.285973501663432,0.5,0.3,Viable tumour cell
-10.7876,5.6462,0.3849124586993303,0.5,0.3,Viable tumour cell
-5.36249,13.0633,0.46631949932698624,0.5,0.3,Viable tumour cell
-13.1129,6.47399,0.5469845121854672,0.5,0.3,Viable tumour cell
-11.1866,-8.5604,0.46506901756147156,0.5,0.3,Viable tumour cell
-10.8452,-2.95764,0.32807197487127765,0.5,0.3,Viable tumour cell
8.52398,14.2471,0.733100012534901,0.5,0.3,Viable tumour cell
-11.8118,0.891529,0.35770410054679797,0.5,0.3,Viable tumour cell
1.16341,12.4961,0.3859429197392599,0.5,0.3,Viable tumour cell
-1.76728,12.2779,0.37268423003073453,0.5,0.3,Viable tumour cell
-8.30701,8.50233,0.36441476349136614,0.5,0.3,Viable tumour cell
3.05019,-9.70318,0.30183060277405205,0.5,0.3,Viable tumour cell
14.8035,10.9062,0.8916714765803687,0.5,0.3,Viable tumour cell
10.6214,10.0985,0.5244859157102331,0.5,0.3,Viable tumour cell
-10.3606,-7.78275,0.40149714096580236,0.5,0.3,Viable tumour cell
-9.99124,8.12833,0.41332659126140664,0.5,0.3,Viable tumour cell
8.95428,10.11,0.44123020115809564,0.5,0.3,Viable tumour cell
8.39555,11.8199,0.5162156608193862,0.5,0.3,Viable tumour cell
12.6955,8.42472,0.5691594204952753,0.5,0.3,Viable tumour cell
-6.16888,-12.7878,0.48889077701133693,0.5,0.3,Viable tumour cell
9.06352,11.8231,0.5478274697577107,0.5,0.3,Viable tumour cell
6.80325,-9.37946,0.3453815623894088,0.5,0.3,Viable tumour cell
-11.7932,1.78101,0.3654208644620947,0.5,0.3,Viable tumour cell
4.70421,-11.8171,0.38924144398115834,0.5,0.3,Viable tumour cell
2.18047,10.8437,0.32173856711291776,0.5,0.3,Viable tumour cell
-9.99086,6.06129,0.35910221794054625,0.5,0.3,Viable tumour cell
8.21442,-12.0245,0.5142128164522949,0.5,0.3,Viable tumour cell
7.91727,-7.99631,0.33710057047945585,0.5,0.3,Viable tumour cell
6.2681,7.69012,0.29585317229150065,0.5,0.3,Viable tumour cell
3.75639,9.27845,0.2934419996886262,0.5,0.3,Viable tumour cell
-4.58098,-10.1069,0.3303576152151737,0.5,0.3,Viable tumour cell
2.89303,14.2081,0.5142693102751597,0.5,0.3,Viable tumour cell
1.66007,13.0717,0.4200736129437911,0.5,0.3,Viable tumour cell
-5.79257,-10.5158,0.3630708943294766,0.5,0.3,Viable tumour cell
-3.27906,11.486,0.35360618386007237,0.5,0.3,Viable tumour cell
5.18776,-10.081,0.3336551986769427,0.5,0.3,Viable tumour cell
15.1459,6.37929,0.6969996453584366,0.5,0.3,Viable tumour cell
6.91331,-6.72439,0.29260751665712564,0.5,0.3,Viable tumour cell
-14.9249,-4.29008,0.5645869761065455,0.5,0.3,Viable tumour cell
-12.5393,10.298,0.7116623028220966,0.5,0.3,Viable tumour cell
9.56006,2.81416,0.3031970204545724,0.5,0.3,Viable tumour cell
-1.43948,14.1325,0.4771972353151173,0.5,0.3,Viable tumour cell
15.4017,-7.55728,0.8225614676027411,0.5,0.3,Viable tumour cell
14.4418,-10.0426,0.8520170789556245,0.5,0.3,Viable tumour cell
2.33312,13.8275,0.47619633744135503,0.5,0.3,Viable tumour cell
10.8938,0.315151,0.33868128845748036,0.5,0.3,Viable tumour cell
-14.0483,-4.80935,0.5096471281131743,0.5,0.3,Viable tumour cell
11.6403,11.5359,0.6949148327505202,0.5,0.3,Viable tumour cell
1.45362,16.1819,0.6881753869962033,0.5,0.3,Viable tumour cell
9.89187,7.66586,0.3888701061826221,0.5,0.3,Viable tumour cell
-10.5929,-3.89051,0.33038378053531475,0.5,0.3,Viable tumour cell
-9.45567,9.09685,0.42488868486015985,0.5,0.3,Viable tumour cell
-5.98326,-15.6931,0.731892967134094,0.5,0.3,Viable tumour cell
-14.3293,9.8511,0.8555071404897379,0.5,0.3,Viable tumour cell
-3.38085,-9.60965,0.30647754162007146,0.5,0.3,Viable tumour cell
-5.95935,-8.92564,0.3171544158406554,0.5,0.3,Viable tumour cell
11.3925,-1.99698,0.3700585020009959,0.5,0.3,Viable tumour cell
-18.3713,-2.30216,0.8669465675841923,0.5,0.3,Viable tumour cell
10.116,3.42548,0.3215852980647256,0.5,0.3,Viable tumour cell
-10.512,-10.4879,0.5296637112594098,0.5,0.3,Viable tumour cell
3.87,-14.2349,0.50714107079429,0.5,0.3,Viable tumour cell
-9.37022,-14.3689,0.7918814179872988,0.5,0.3,Viable tumour cell
-8.79291,-10.8452,0.4687183624912167,0.5,0.3,Viable tumour cell
-6.32773,11.6471,0.4193528326872813,0.5,0.3,Viable tumour cell
3.14308,9.93179,0.301080946951697,0.5,0.3,Viable tumour cell
9.90675,-4.78474,0.3387869610456655,0.5,0.3,Viable tumour cell
-11.6049,-2.39477,0.34926200358914206,0.5,0.3,Viable tumour cell
12.3682,-0.616168,0.40995655703205824,0.5,0.3,Viable tumour cell
-10.509,7.40928,0.41795979386916715,0.5,0.3,Viable tumour cell
-4.22655,15.9415,0.6683496899949322,0.5,0.3,Viable tumour cell
-17.3074,3.84779,0.8970129020451274,0.5,0.3,Viable tumour cell
14.7851,8.30071,0.7428529028062525,0.5,0.3,Viable tumour cell
-12.8908,-10.6505,0.6880178552889046,0.5,0.3,Viable tumour cell
4.07543,-12.2797,0.39894005556149026,0.5,0.3,Viable tumour cell
5.60285,10.7568,0.3726571985462621,0.5,0.3,Viable tumour cell
2.33432,11.5809,0.35228053970600093,0.5,0.3,Viable tumour cell
-6.32149,-9.917,0.35169321276206056,0.5,0.3,Viable tumour cell
10.7632,7.1249,0.40935335480576773,0.5,0.3,Viable tumour cell
-15.9123,-0.207817,0.6109398357037648,0.5,0.3,Viable tumour cell
-11.3914,-4.41909,0.36309160899658477,0.5,0.3,Viable tumour cell
8.61098,-9.12198,0.39464218361779,0.5,0.3,Viable tumour cell
-12.6134,-4.44934,0.4172204077370018,0.5,0.3,Viable tumour cell
-15.6347,1.6166,0.6228736147990076,0.5,0.3,Viable tumour cell
13.1493,7.72016,0.5714789999460378,0.5,0.3,Viable tumour cell
-2.64393,14.3156,0.49850106455492016,0.5,0.3,Viable tumour cell
-17.7449,-0.43067,0.8170702864143148,0.5,0.3,Viable tumour cell
-8.58134,-8.2046,0.35444106429253824,0.5,0.3,Viable tumour cell
10.9256,7.88268,0.44220916328186943,0.5,0.3,Viable tumour cell
0.681455,16.7154,0.747627679365145,0.5,0.3,Viable tumour cell
10.6836,2.9923,0.3354658333044935,0.5,0.3,Viable tumour cell
-15.6371,-1.99191,0.5827467023705016,0.5,0.3,Viable tumour cell
-2.57147,16.2999,0.6763658774135586,0.5,0.3,Viable tumour cell
0.112279,-12.1937,0.373322533509339,0.5,0.3,Viable tumour cell
-10.1149,9.84937,0.4896165683745612,0.5,0.3,Viable tumour cell
8.07436,-3.89856,0.2852609611628174,0.5,0.3,Viable tumour cell
-10.515,-12.654,0.6964004603141236,0.5,0.3,Viable tumour cell
-2.61158,12.3464,0.38307816571654796,0.5,0.3,Viable tumour cell
11.718,-11.98,0.7555468767959638,0.5,0.3,Viable tumour cell
-4.86826,-12.5807,0.44321799925331196,0.5,0.3,Viable tumour cell
7.01055,-8.41288,0.32455861064960095,0.5,0.3,Viable tumour cell
-14.6929,-3.26232,0.5217861526548426,0.5,0.3,Viable tumour cell
-13.1679,4.8262,0.493834799417617,0.5,0.3,Viable tumour cell
13.059,-2.03416,0.4627121235876885,0.5,0.3,Viable tumour cell
-12.5983,0.416374,0.38926967841589394,0.5,0.3,Viable tumour cell
10.9194,-11.7808,0.6669754316123926,0.5,0.3,Viable tumour cell
14.1966,-0.601807,0.5369248210752328,0.5,0.3,Viable tumour cell
-3.22558,15.9101,0.6432677960652549,0.5,0.3,Viable tumour cell
-3.07532,-16.7479,0.8039791559521852,0.5,0.3,Viable tumour cell
11.62,-6.62785,0.45629304819222805,0.5,0.3,Viable tumour cell
7.77439,-10.562,0.42091914186586404,0.5,0.3,Viable tumour cell
13.2771,-1.20602,0.4706726566186207,0.5,0.3,Viable tumour cell
-6.46736,16.9598,0.8736369150039267,0.5,0.3,Viable tumour cell
15.1173,-6.7581,0.7542776869588075,0.5,0.3,Viable tumour cell
7.09305,-12.9211,0.5186807139181469,0.5,0.3,Viable tumour cell
14.0649,2.24447,0.5188930398446666,0.5,0.3,Viable tumour cell
-5.02947,12.2431,0.4143604230545963,0.5,0.3,Viable tumour cell
5.90461,-11.5997,0.4062676154100418,0.5,0.3,Viable tumour cell
-12.3992,1.47422,0.3889359607492454,0.5,0.3,Viable tumour cell
-11.3613,-9.27088,0.5071858780908802,0.5,0.3,Viable tumour cell
-7.72609,-14.614,0.710948245546496,0.5,0.3,Viable tumour cell
3.38286,11.5766,0.36446044695399893,0.5,0.3,Viable tumour cell
4.74928,15.9889,0.7366024260569501,0.5,0.3,Viable tumour cell
9.48719,-6.98279,0.3651457768831623,0.5,0.3,Viable tumour cell
-10.1037,3.5955,0.3252225141483951,0.5,0.3,Viable tumour cell
12.6847,-9.69546,0.6636141164519131,0.5,0.3,Viable tumour cell
5.95416,-10.6658,0.3674952331489338,0.5,0.3,Viable tumour cell
-7.54617,15.2072,0.7317338006857932,0.5,0.3,Viable tumour cell
12.7311,4.18937,0.44549071663691875,0.5,0.3,Viable tumour cell
12.0818,-2.30159,0.4040295688125751,0.5,0.3,Viable tumour cell
6.76815,6.74896,0.28861690225689873,0.5,0.3,Viable tumour cell
8.69323,-7.43017,0.34806050016680323,0.5,0.3,Viable tumour cell
12.4238,-10.6368,0.7081383839934021,0.5,0.3,Viable tumour cell
10.5105,-2.54157,0.3386552449090617,0.5,0.3,Viable tumour cell
12.0404,6.49482,0.456000940701615,0.5,0.3,Viable tumour cell
-10.2314,-14.11,0.8243059724875812,0.5,0.3,Viable tumour cell
-0.882148,-13.601,0.4604149250562737,0.5,0.3,Viable tumour cell
15.5306,0.117472,0.6597125383989848,0.5,0.3,Viable tumour cell
-1.02293,11.5994,0.3425576167112528,0.5,0.3,Viable tumour cell
11.0717,-8.95065,0.5040441196544541,0.5,0.3,Viable tumour cell
-13.5341,0.134365,0.43760682149713065,0.5,0.3,Viable tumour cell
-14.5171,-0.586674,0.4961646656657377,0.5,0.3,Viable tumour cell
14.3638,7.11439,0.6468584962660797,0.5,0.3,Viable tumour cell
9.70872,9.32496,0.4415368186452091,0.5,0.3,Viable tumour cell
7.69792,-13.6162,0.6069059112759586,0.5,0.3,Viable tumour cell
4.60022,-9.60844,0.3131578528595196,0.5,0.3,Viable tumour cell
6.67338,-14.5383,0.6226045913963734,0.5,0.3,Viable tumour cell
-10.2806,14.1601,0.8274381271941637,0.5,0.3,Viable tumour cell
-13.7888,-9.42762,0.6768621203349577,0.5,0.3,Viable tumour cell
15.7755,-1.46023,0.7152560463973073,0.5,0.3,Viable tumour cell
-8.74087,12.3072,0.5591608335629699,0.5,0.3,Viable tumour cell
2.213,-12.0306,0.3698790570889241,0.5,0.3,Viable tumour cell
11.2283,-2.8119,0.36899079653830485,0.5,0.3,Viable tumour cell
15.0769,-0.919055,0.6223195383206424,0.5,0.3,Viable tumour cell
-3.37584,-11.546,0.3689926750029122,0.5,0.3,Viable tumour cell
-8.68638,-9.16615,0.3854883376924464,0.5,0.3,Viable tumour cell
-12.2698,-6.35085,0.446092552478165,0.5,0.3,Viable tumour cell
12.3456,-8.87998,0.5913410564805475,0.5,0.3,Viable tumour cell
-15.7902,5.21743,0.7790468264089734,0.5,0.3,Viable tumour cell
9.80268,-14.6004,0.8503378118434326,0.5,0.3,Viable tumour cell
-0.537452,11.1373,0.32437333920837835,0.5,0.3,Viable tumour cell
-15.0376,-2.26327,0.5360053216406475,0.5,0.3,Viable tumour cell
-15.4543,-5.96831,0.6812577696889905,0.5,0.3,Viable tumour cell
10.8047,-10.7324,0.5830574004229326,0.5,0.3,Viable tumour cell
-8.53459,13.672,0.6455232465173077,0.5,0.3,Viable tumour cell
16.7549,1.36288,0.8078719580914681,0.5,0.3,Viable tumour cell
-12.4198,-12.5411,0.8207720762250506,0.5,0.3,Viable tumour cell
13.1957,0.861383,0.4527720830574743,0.5,0.3,Viable tumour cell
-10.5534,11.5079,0.6191318438272233,0.5,0.3,Viable tumour cell
13.1581,-4.72577,0.5076954061401835,0.5,0.3,Viable tumour cell
11.2357,2.07341,0.35210675058893537,0.5,0.3,Viable tumour cell
-9.18658,9.79185,0.4425420267514714,0.5,0.3,Viable tumour cell
1.54808,17.2094,0.8190368457158733,0.5,0.3,Viable tumour cell
-11.8043,2.86785,0.37870062650054004,0.5,0.3,Viable tumour cell
-15.1963,-9.55408,0.8120723232676599,0.5,0.3,Viable tumour cell
-11.3276,-6.70931,0.41002513591040735,0.5,0.3,Viable tumour cell
5.68955,-14.5352,0.5768887520291368,0.5,0.3,Viable tumour cell
12.6001,9.79161,0.6313064486593751,0.5,0.3,Viable tumour cell
-2.29753,11.6986,0.35167331265426244,0.5,0.3,Viable tumour cell
3.69665,-17.3843,0.793466582037975,0.5,0.3,Viable tumour cell
14.6477,2.68929,0.572381022018362,0.5,0.3,Viable tumour cell
-3.14846,-14.0524,0.5135525018183213,0.5,0.3,Viable tumour cell
-2.45748,-13.9435,0.4968645760728473,0.5,0.3,Viable tumour cell
4.96047,10.607,0.3532477226340225,0.5,0.3,Viable tumour cell
-7.81343,-12.7629,0.548651234415332,0.5,0.3,Viable tumour cell
-13.8572,-6.84325,0.5646062783074048,0.5,0.3,Viable tumour cell
-16.0722,-9.30895,0.8870649547757016,0.5,0.3,Viable tumour cell
-3.3321,-15.8066,0.6856622214144219,0.5,0.3,Viable tumour cell
-1.78836,13.7387,0.45141653155371425,0.5,0.3,Viable tumour cell
-14.5155,8.23589,0.7600717658914659,0.5,0.3,Viable tumour cell
13.1921,-10.9403,0.8012163355343442,0.5,0.3,Viable tumour cell
15.7891,1.61265,0.6839595847496663,0.5,0.3,Viable tumour cell
13.3039,9.12081,0.6471616085952622,0.5,0.3,Viable tumour cell
3.91278,-15.4932,0.6073779746882698,0.5,0.3,Viable tumour cell
7.23751,-15.2851,0.720978244951543,0.5,0.3,Viable tumour cell
-14.5215,-7.16367,0.638072131425068,0.5,0.3,Viable tumour cell
-15.8038,4.54703,0.7479368954708022,0.5,0.3,Viable tumour cell
-14.0523,-2.3829,0.46745648187769057,0.5,0.3,Viable tumour cell
9.54083,-10.7947,0.5111387219227145,0.5,0.3,Viable tumour cell
13.4768,2.66342,0.47802467523348774,0.5,0.3,Viable tumour cell
-11.3798,7.07797,0.45588517538692586,0.5,0.3,Viable tumour cell
-7.311,11.498,0.44752549868483044,0.5,0.3,Viable tumour cell
-3.41698,12.9192,0.42002873028692767,0.5,0.3,Viable tumour cell
-1.56733,-13.5611,0.46297986830485804,0.5,0.3,Viable tumour cell
-3.26849,-13.2965,0.4602336106256148,0.5,0.3,Viable tumour cell
-9.44447,-12.6684,0.6238145537372319,0.5,0.3,Viable tumour cell
-2.51625,17.3843,0.8054942689111508,0.5,0.3,Viable tumour cell
-6.78361,-15.2323,0.7200840666350716,0.5,0.3,Viable tumour cell
-12.0337,-8.30408,0.4959773633106196,0.5,0.3,Viable tumour cell
-13.6696,-10.3488,0.7264651689670899,0.5,0.3,Viable tumour cell
14.6241,0.182687,0.5684375110369779,0.5,0.3,Viable tumour cell
14.1562,-3.45577,0.5705280203293137,0.5,0.3,Viable tumour cell
-14.4556,7.48907,0.7111087322812473,0.5,0.3,Viable tumour cell
13.5285,-10.093,0.7640995670445654,0.5,0.3,Viable tumour cell
-2.63633,-15.5517,0.6484098248927164,0.5,0.3,Viable tumour cell
13.202,5.07593,0.4900472740495846,0.5,0.3,Viable tumour cell
2.48865,-14.3598,0.5060646982110708,0.5,0.3,Viable tumour cell
-13.0518,-9.75436,0.6380334987847742,0.5,0.3,Viable tumour cell
-15.3246,7.78618,0.8201021563509455,0.5,0.3,Viable tumour cell
-0.923074,13.4558,0.4320717743135041,0.5,0.3,Viable tumour cell
14.0494,6.29157,0.5873940511356924,0.5,0.3,Viable tumour cell
2.17503,15.8217,0.6549622989284773,0.5,0.3,Viable tumour cell
1.83622,-12.7994,0.40582324042729456,0.5,0.3,Viable tumour cell
-8.12057,11.308,0.4700473407310733,0.5,0.3,Viable tumour cell
15.404,-3.10294,0.7071439741202302,0.5,0.3,Viable tumour cell
14.1173,-6.60058,0.6466641403370657,0.5,0.3,Viable tumour cell
-8.93102,11.4061,0.5127549638946721,0.5,0.3,Viable tumour cell
15.5597,5.16807,0.7033205293981366,0.5,0.3,Viable tumour cell
-12.1276,8.69246,0.5706778753019116,0.5,0.3,Viable tumour cell
10.7688,12.7407,0.7388088713936787,0.5,0.3,Viable tumour cell
9.52425,-9.01317,0.4279303520819471,0.5,0.3,Viable tumour cell
16.5045,-0.0811751,0.781249999375879,0.5,0.3,Viable tumour cell
11.8511,1.7653,0.37629033072101,0.5,0.3,Viable tumour cell
-5.5354,11.5178,0.3936167738490893,0.5,0.3,Viable tumour cell
-14.0805,4.83151,0.5695530665098006,0.5,0.3,Viable tumour cell
-7.08432,9.87162,0.36996846301945646,0.5,0.3,Viable tumour cell
12.4017,5.79523,0.45785695628842216,0.5,0.3,Viable tumour cell
-0.210174,-16.1294,0.6908758168724991,0.5,0.3,Viable tumour cell
-13.3602,5.86432,0.5448959780659042,0.5,0.3,Viable tumour cell
-1.76655,-15.1777,0.5992842256217075,0.5,0.3,Viable tumour cell
2.89196,-16.7375,0.7174437167820404,0.5,0.3,Viable tumour cell
8.77149,13.4643,0.6684391840579083,0.5,0.3,Viable tumour cell
10.9263,-6.92298,0.4249734907824743,0.5,0.3,Viable tumour cell
14.8848,5.74901,0.6492585085396965,0.5,0.3,Viable tumour cell
-15.3223,2.37968,0.6106666236862757,0.5,0.3,Viable tumour cell
10.0236,11.7966,0.59728451632953,0.5,0.3,Viable tumour cell
-0.230915,11.6533,0.343676765467288,0.5,0.3,Viable tumour cell
-6.14505,14.6032,0.6071440571166036,0.5,0.3,Viable tumour cell
-13.6706,-3.08653,0.4519075145601862,0.5,0.3,Viable tumour cell
5.46677,-12.3937,0.4336227520184291,0.5,0.3,Viable tumour cell
12.2971,11.1415,0.7056634541488589,0.5,0.3,Viable tumour cell
-15.5561,-4.86138,0.6376847068335976,0.5,0.3,Viable tumour cell
8.12117,13.5167,0.6381080794642324,0.5,0.3,Viable tumour cell
6.64057,11.9985,0.46329339217489207,0.5,0.3,Viable tumour cell
10.8265,-5.0962,0.3808783846419135,0.5,0.3,Viable tumour cell
4.35755,13.8357,0.5169254749419027,0.5,0.3,Viable tumour cell
13.695,-4.31956,0.5433463277177591,0.5,0.3,Viable tumour cell
-2.3441,-16.5506,0.7689621705462069,0.5,0.3,Viable tumour cell
4.63106,-15.8762,0.6547930860204854,0.5,0.3,Viable tumour cell
5.43061,13.2115,0.5042080458273805,0.5,0.3,Viable tumour cell
-10.4451,8.99084,0.4704791208031271,0.5,0.3,Viable tumour cell
8.59165,-13.291,0.6294949187670225,0.5,0.3,Viable tumour cell
12.0878,10.3092,0.6273376752712156,0.5,0.3,Viable tumour cell
-11.759,9.91408,0.6117962937898779,0.5,0.3,Viable tumour cell
1.4232,15.3146,0.5930111946383625,0.5,0.3,Viable tumour cell
-13.3308,-5.22146,0.4749458112891233,0.5,0.3,Viable tumour cell
15.9698,-6.67605,0.8582927754401187,0.5,0.3,Viable tumour cell
-13.3338,1.81095,0.445553941914712,0.5,0.3,Viable tumour cell
0.828093,-12.3179,0.379962951884821,0.5,0.3,Viable tumour cell
2.05051,-17.1547,0.7715001007249331,0.5,0.3,Viable tumour cell
-10.8865,9.809,0.5387215424238332,0.5,0.3,Viable tumour cell
-12.1489,11.9502,0.7790246335693529,0.5,0.3,Viable tumour cell
-14.8694,6.00994,0.690389995897072,0.5,0.3,Viable tumour cell
11.6619,-7.42865,0.48420800794269764,0.5,0.3,Viable tumour cell
8.37376,8.50205,0.3624526776619256,0.5,0.3,Viable tumour cell
-14.0117,9.07551,0.7646565178674436,0.5,0.3,Viable tumour cell
8.57903,-10.5706,0.4555948266170929,0.5,0.3,Viable tumour cell
-4.46564,12.8575,0.4346198928208335,0.5,0.3,Viable tumour cell
14.4326,-7.60125,0.7162759122999531,0.5,0.3,Viable tumour cell
-12.3306,5.33001,0.4555189674549355,0.5,0.3,Viable tumour cell
5.19803,15.2059,0.6645556290946811,0.5,0.3,Viable tumour cell
11.8755,8.09982,0.5002153171363486,0.5,0.3,Viable tumour cell
13.9843,0.280588,0.5106916950782171,0.5,0.3,Viable tumour cell
-17.1483,-3.96667,0.7671835509030902,0.5,0.3,Viable tumour cell
9.43615,8.45887,0.39613944603284096,0.5,0.3,Viable tumour cell
-15.6378,6.21,0.7907155046616079,0.5,0.3,Viable tumour cell
-11.4313,-12.6609,0.7611081827103816,0.5,0.3,Viable tumour cell
2.12977,12.4255,0.3908351730913293,0.5,0.3,Viable tumour cell
3.89729,11.9255,0.38768824847374583,0.5,0.3,Viable tumour cell
4.53381,-17.0009,0.7614206710672475,0.5,0.3,Viable tumour cell
-11.365,12.2467,0.7363630526104934,0.5,0.3,Viable tumour cell
-7.25094,-12.832,0.527327655539152,0.5,0.3,Viable tumour cell
-13.3192,9.7202,0.7446153072686423,0.5,0.3,Viable tumour cell
-5.7278,13.7023,0.5195776287513709,0.5,0.3,Viable tumour cell
-12.9325,-7.06956,0.5023353898140422,0.5,0.3,Viable tumour cell
8.16187,-11.38,0.4766219658263522,0.5,0.3,Viable tumour cell
-17.0312,2.06863,0.790179833312462,0.5,0.3,Viable tumour cell
-13.7686,7.41453,0.6436014861067876,0.5,0.3,Viable tumour cell
-4.62385,-16.0063,0.7285665443895635,0.5,0.3,Viable tumour cell
-1.58829,17.5644,0.8291284629906881,0.5,0.3,Viable tumour cell
6.45529,13.0132,0.5241984292094284,0.5,0.3,Viable tumour cell
-3.95248,16.7348,0.7546278151007073,0.5,0.3,Viable tumour cell
10.0148,12.677,0.6736085890190027,0.5,0.3,Viable tumour cell
-7.97797,-10.9563,0.4409004553824404,0.5,0.3,Viable tumour cell
9.48989,14.2955,0.8004320562900066,0.5,0.3,Viable tumour cell
-10.1676,-11.311,0.5630842041690257,0.5,0.3,Viable tumour cell
-15.0252,0.853224,0.5481981230146308,0.5,0.3,Viable tumour cell
12.8239,-2.84346,0.4538742932576323,0.5,0.3,Viable tumour cell
17.0617,3.98127,0.8465134488258724,0.5,0.3,Viable tumour cell
-10.382,-8.77857,0.4390217455986636,0.5,0.3,Viable tumour cell
0.473746,13.9724,0.4669529701226006,0.5,0.3,Viable tumour cell
11.5321,7.30739,0.4544844406821018,0.5,0.3,Viable tumour cell
-5.16563,13.6716,0.5017542830863077,0.5,0.3,Viable tumour cell
6.31317,13.8373,0.5810952699920631,0.5,0.3,Viable tumour cell
-1.02586,15.2309,0.564162271206349,0.5,0.3,Viable tumour cell
-7.34616,13.16,0.5450263292877912,0.5,0.3,Viable tumour cell
-8.06655,14.798,0.7187477730121611,0.5,0.3,Viable tumour cell
-9.61661,14.8345,0.8352486408305697,0.5,0.3,Viable tumour cell
-9.32556,-11.5214,0.5353595963074811,0.5,0.3,Viable tumour cell
13.6684,6.98256,0.5812138553190296,0.5,0.3,Viable tumour cell
-10.9883,-12.0139,0.6681854354236578,0.5,0.3,Viable tumour cell
-4.57666,15.3501,0.6207179035640231,0.5,0.3,Viable tumour cell
9.61724,-12.9091,0.6661868616448228,0.5,0.3,Viable tumour cell
11.6658,12.5275,0.792338442430337,0.5,0.3,Viable tumour cell
-4.49148,-14.6601,0.5893127380729632,0.5,0.3,Viable tumour cell
-16.5445,0.528642,0.6896952424497662,0.5,0.3,Viable tumour cell
-6.90442,-12.0715,0.4663239473616555,0.5,0.3,Viable tumour cell
5.86682,15.4818,0.724522219217747,0.5,0.3,Viable tumour cell
-1.45154,15.9095,0.6301658712208847,0.5,0.3,Viable tumour cell
-16.6028,-4.71592,0.7382597858295197,0.5,0.3,Viable tumour cell
-0.0634645,13.1428,0.4133836044904953,0.5,0.3,Viable tumour cell
12.4887,7.41533,0.5130680446257405,0.5,0.3,Viable tumour cell
12.4382,-6.10428,0.49382353136901835,0.5,0.3,Viable tumour cell
-5.63323,-13.1205,0.4957184243664826,0.5,0.3,Viable tumour cell
6.93007,-13.5967,0.5610964061017364,0.5,0.3,Viable tumour cell
-5.52247,16.9341,0.8358502228844364,0.5,0.3,Viable tumour cell
6.38343,14.9676,0.6911854369446752,0.5,0.3,Viable tumour cell
10.7261,11.8664,0.6532889710559412,0.5,0.3,Viable tumour cell
6.52207,10.2148,0.370798532138496,0.5,0.3,Viable tumour cell
-16.2596,-6.48016,0.8229183436684573,0.5,0.3,Macrophage
14.1618,11.6904,0.899871179930802,0.5,0.3,Macrophage
6.74706,15.9595,0.8280339168471249,0.5,0.3,Macrophage
17.2196,0.563927,0.877544590029392,0.5,0.3,Macrophage
12.4196,13.0957,0.9426941242967577,0.5,0.3,Macrophage
0.946663,-18.4339,0.9525687816445194,0.5,0.3,Macrophage
12.9784,10.4285,0.7025189162768335,0.5,0.3,Macrophage
12.4666,12.1053,0.8193411611059913,0.5,0.3,Macrophage
16.9964,3.04689,0.8354781618201718,0.5,0.3,Macrophage
16.7788,-2.8736,0.9491010281577403,0.5,0.3,Macrophage
-13.83,11.6997,0.9683634480836624,0.5,0.3,Macrophage
17.9124,3.44875,0.9645022109612357,0.5,0.3,Macrophage
16.7784,-0.998013,0.8319670886817258,0.5,0.3,Macrophage
4.80512,16.9824,0.8644970638798477,0.5,0.3,Macrophage
12.1789,-13.4057,0.9540425376920891,0.5,0.3,Macrophage
-1.77073,-17.8023,0.9645390118304755,0.5,0.3,Macrophage
-13.0489,13.3399,0.9496034540686398,0.5,0.3,Macrophage
-16.0488,8.36018,0.9415909657060739,0.5,0.3,Macrophage
8.81351,16.1099,0.9809932426295139,0.5,0.3,Macrophage
7.2564,-16.7186,0.8462866294910056,0.5,0.3,Macrophage
16.2116,-3.65247,0.8350935317086319,0.5,0.3,Macrophage
13.5326,-12.8562,0.9999999997817706,0.5,0.3,Macrophage
-10.1895,13.1286,0.7189734715052536,0.5,0.3,Macrophage
17.6011,1.85046,0.9362156085723932,0.5,0.3,Macrophage
16.1911,9.45361,0.9678262385177889,0.5,0.3,Macrophage
-16.8552,7.76215,0.9867792755543979,0.5,0.3,Macrophage
-18.3313,3.71305,0.9749616401985359,0.5,0.3,Macrophage
-17.7966,2.90606,0.9562072493096442,0.5,0.3,Macrophage
-11.0802,-14.6028,0.9624865878861183,0.5,0.3,Macrophage
-16.6934,5.80278,0.9474341849483439,0.5,0.3,Macrophage
-17.4984,-5.04719,0.8431680875068532,0.5,0.3,Macrophage
-15.2786,10.0641,0.9453875150945493,0.5,0.3,Macrophage
17.243,4.93386,0.8961961448711833,0.5,0.3,Macrophage
8.55919,-14.2596,0.7238556363294835,0.5,0.3,Macrophage
3.8902,16.2711,0.7442144503174345,0.5,0.3,Macrophage
-3.85126,-17.4668,0.9164515073680889,0.5,0.3,Macrophage
-15.02,9.14184,0.8667838408045315,0.5,0.3,Macrophage
-17.6449,5.83139,0.9999999997817705,0.5,0.3,Macrophage
5.5092,-17.4543,0.8304546813552693,0.5,0.3,Macrophage
-0.0740647,16.9694,0.7893968462249356,0.5,0.3,Macrophage
-16.7433,4.82281,0.9384346099807923,0.5,0.3,Macrophage
-0.515799,-17.1326,0.8408290492962894,0.5,0.3,Macrophage
14.5987,10.0268,0.8219110808591905,0.5,0.3,Macrophage
10.3368,14.4719,0.8825972213969959,0.5,0.3,Macrophage
14.9413,-9.23924,0.8627014221922168,0.5,0.3,Macrophage
14.2121,-10.9885,0.9139670828474167,0.5,0.3,Macrophage
16.6494,6.52038,0.9102187105580137,0.5,0.3,Macrophage
-14.6122,10.8246,0.9717089625154277,0.5,0.3,Macrophage
-8.62086,-16.0104,0.9571330584585175,0.5,0.3,Macrophage
9.34364,15.2548,0.891364622941535,0.5,0.3,Macrophage
-7.47409,17.1166,0.9485787961780103,0.5,0.3,Macrophage
-0.571233,17.864,0.9270499110367566,0.5,0.3,Macrophage
-12.1158,13.8108,0.9809764642553216,0.5,0.3,Macrophage
0.709097,17.7809,0.9165413682336073,0.5,0.3,Macrophage
-15.395,-10.4431,0.8938352557825491,0.5,0.3,Macrophage
9.07719,-15.1917,0.8692794881121171,0.5,0.3,Macrophage
-16.4076,-7.43106,0.9000069524145382,0.5,0.3,Macrophage
-13.3963,-12.3361,0.879119343686723,0.5,0.3,Macrophage
8.16066,-15.1211,0.7785645237225582,0.5,0.3,Macrophage
-7.63112,-16.6565,0.9307424111361609,0.5,0.3,Macrophage
-5.88876,17.8451,0.9747577546915335,0.5,0.3,Macrophage
3.79519,17.4896,0.9165624254529214,0.5,0.3,Macrophage
-6.06973,-16.85,0.8668310094598571,0.5,0.3,Macrophage
15.7214,8.38166,0.852236103961588,0.5,0.3,Macrophage
-8.60957,-15.0454,0.818391591990512,0.5,0.3,Macrophage
-16.3228,-8.37754,0.8804631646091643,0.5,0.3,Macrophage
13.3648,12.5297,0.9519148780680181,0.5,0.3,Macrophage
-0.743441,-18.1059,0.9999999997817706,0.5,0.3,Macrophage
13.6327,-11.868,0.9454584197418012,0.5,0.3,Macrophage
-12.1003,-13.5378,0.9346648135931703,0.5,0.3,Macrophage
-18.0247,-3.23864,0.8436412269687027,0.5,0.3,Macrophage
-3.87273,-18.4488,0.9999999997817706,0.5,0.3,Macrophage
16.5776,7.52639,0.9439133424809046,0.5,0.3,Macrophage
-16.8039,6.77789,0.9663801277865982,0.5,0.3,Macrophage
3.64492,-18.3216,0.9095749764311057,0.5,0.3,Macrophage
2.39477,17.6353,0.8911159013326844,0.5,0.3,Macrophage
-8.70422,16.6754,0.9515073926455391,0.5,0.3,Macrophage
1.9341,-18.1944,0.8978834302454841,0.5,0.3,Macrophage
-9.63658,15.8999,0.9541086362859468,0.5,0.3,Macrophage
-15.979,9.34997,0.9969824966529544,0.5,0.3,Macrophage
11.4548,13.489,0.8844217098672502,0.5,0.3,Macrophage
-4.90392,-18.0498,0.9999999997817706,0.5,0.3,Macrophage
11.2121,-13.7404,0.8864250818647561,0.5,0.3,Macrophage
-18.2529,1.51891,0.9208615866349126,0.5,0.3,Macrophage
-1.35072,18.6092,0.95428088001066,0.5,0.3,Macrophage
-6.0044,16.1732,0.7558840573321489,0.5,0.3,Macrophage
0.183427,-17.7485,0.9458128128479925,0.5,0.3,Macrophage
16.3839,-5.64235,0.8754891021477157,0.5,0.3,Macrophage
-9.97712,-15.073,0.9110221510555064,0.5,0.3,Macrophage
-4.58666,17.3503,0.8562370817034723,0.5,0.3,Macrophage
-17.7464,4.76003,0.9910145396679968,0.5,0.3,Macrophage
-13.6603,10.7252,0.8924940275169093,0.5,0.3,Macrophage
-11.2027,14.2009,0.9292297761872305,0.5,0.3,Macrophage
12.6054,-12.5229,0.905226222641935,0.5,0.3,Macrophage
-2.85013,-17.6838,0.9484140338726869,0.5,0.3,Macrophage
-10.5649,15.2425,0.9786964417299221,0.5,0.3,Macrophage
-12.1119,12.8525,0.854225013915994,0.5,0.3,Macrophage
8.28874,15.1948,0.8221059349220867,0.5,0.3,Macrophage
-16.7672,3.06711,0.8019752190533617,0.5,0.3,Macrophage
17.6317,-1.79929,0.9552592821351753,0.5,0.3,Macrophage
-16.5752,-0.526098,0.6759839909590133,0.5,0.3,Viable tumour cell
-5.19699,15.5539,0.6623616399155405,0.5,0.3,Viable tumour cell
-5.3363,-16.412,0.795049778426614,0.5,0.3,Viable tumour cell
15.3572,4.15873,0.6568036902605824,0.5,0.3,Viable tumour cell
-3.16356,13.2903,0.43800705022120656,0.5,0.3,Viable tumour cell
11.5397,4.48077,0.3862442835929958,0.5,0.3,Viable tumour cell
-11.1537,-11.0558,0.6002343602845974,0.5,0.3,Viable tumour cell
8.87048,10.9835,0.4804551827329284,0.5,0.3,Viable tumour cell
-12.9042,11.1486,0.8123335655187424,0.5,0.3,Viable tumour cell
11.4821,10.8606,0.6235835158657881,0.5,0.3,Viable tumour cell
-18.0149,0.480339,0.8638878282748651,0.5,0.3,Viable tumour cell
15.0834,7.62502,0.7423070330725697,0.5,0.3,Viable tumour cell
7.47457,-14.4658,0.6604741501339584,0.5,0.3,Viable tumour cell
10.6055,9.37225,0.4847195399446739,0.5,0.3,Viable tumour cell
13.7063,9.83623,0.720956498775599,0.5,0.3,Viable tumour cell
-0.242572,15.2813,0.5752388705925161,0.5,0.3,Viable tumour cell
2.74775,15.0572,0.5828767702241406,0.5,0.3,Viable tumour cell
7.72968,-12.8145,0.5437389371694534,0.5,0.3,Viable tumour cell
-14.1928,-3.65661,0.49302744995113706,0.5,0.3,Viable tumour cell
14.8653,-1.53127,0.6116159982679659,0.5,0.3,Viable tumour cell
-9.00399,14.4052,0.7407351762237059,0.5,0.3,Viable tumour cell
10.1216,-10.3177,0.5157902824307162,0.5,0.3,Viable tumour cell
2.74568,13.0699,0.4319753515767171,0.5,0.3,Viable tumour cell
13.5614,8.55139,0.6396357799447338,0.5,0.3,Viable tumour cell
5.59504,11.6122,0.41400761888117543,0.5,0.3,Viable tumour cell
7.43191,-12.024,0.4797517539322533,0.5,0.3,Viable tumour cell
-12.565,-5.68874,0.44335976305704894,0.5,0.3,Viable tumour cell
-16.5197,3.85501,0.8057590853363908,0.5,0.3,Viable tumour cell
13.9875,-1.32453,0.5249229359169424,0.5,0.3,Viable tumour cell
13.9187,-5.87765,0.6017191872793102,0.5,0.3,Viable tumour cell
13.1351,-8.23133,0.6237208401101527,0.5,0.3,Viable tumour cell
15.5452,-5.9709,0.7816327492065629,0.5,0.3,Viable tumour cell
16.4951,2.16042,0.7719248905423975,0.5,0.3,Viable tumour cell
9.05779,-11.6374,0.5353490230983258,0.5,0.3,Viable tumour cell
5.37753,-13.3344,0.48578192087790745,0.5,0.3,Viable tumour cell
-4.89561,16.2754,0.7331430647316175,0.5,0.3,Viable tumour cell
-14.8835,-1.57705,0.5209988637339646,0.5,0.3,Viable tumour cell
-4.03176,-16.439,0.7725580545559604,0.5,0.3,Viable tumour cell
-10.5383,-9.46498,0.47430180793966037,0.5,0.3,Viable tumour cell
-12.1634,-10.0402,0.5932569318908717,0.5,0.3,Viable tumour cell
15.5779,-5.01141,0.755602186584118,0.5,0.3,Viable tumour cell
15.3697,2.21818,0.6414404843489793,0.5,0.3,Viable tumour cell
12.5079,-11.4303,0.7794680667903746,0.5,0.3,Viable tumour cell
10.5371,-13.1115,0.7568829599921036,0.5,0.3,Viable tumour cell
-7.05706,16.2319,0.816416886110885,0.5,0.3,Viable tumour cell
15.1809,9.17457,0.8338282658872667,0.5,0.3,Viable tumour cell
0.155579,16.1009,0.6655094768802281,0.5,0.3,Viable tumour cell
-13.6905,-7.55186,0.5791771932207269,0.5,0.3,Viable tumour cell
11.6734,-10.3241,0.6195581470505931,0.5,0.3,Viable tumour cell
15.1893,-2.23117,0.6609302883155094,0.5,0.3,Viable tumour cell
-7.69927,13.9515,0.6207494974170197,0.5,0.3,Viable tumour cell
-15.002,1.8418,0.5680220077892955,0.5,0.3,Viable tumour cell
4.52447,14.6475,0.5888517515614775,0.5,0.3,Viable tumour cell
-8.00901,15.9758,0.8433067412623293,0.5,0.3,Viable tumour cell
6.11446,-16.6461,0.7723025248407724,0.5,0.3,Viable tumour cell
-2.41478,15.8526,0.6271280167531508,0.5,0.3,Viable tumour cell
10.2544,-13.8385,0.8050878405618364,0.5,0.3,Viable tumour cell
-14.8959,3.28373,0.5937462665257214,0.5,0.3,Viable tumour cell
-17.4487,-2.20004,0.7659316542655027,0.5,0.3,Viable tumour cell
-9.05888,13.0012,0.623278855880153,0.5,0.3,Viable tumour cell
-4.11674,-15.5512,0.6700388498217211,0.5,0.3,Viable tumour cell
6.68722,-15.9967,0.7436213102597153,0.5,0.3,Viable tumour cell
0.311625,14.8264,0.5354864996997867,0.5,0.3,Viable tumour cell
-16.2212,-1.11401,0.6367200110084985,0.5,0.3,Viable tumour cell
-1.86239,14.4156,0.5000668601564375,0.5,0.3,Viable tumour cell
0.0186873,14.1757,0.47877799239639546,0.5,0.3,Viable tumour cell
-8.42301,-13.2231,0.6157747242464398,0.5,0.3,Viable tumour cell
-4.22578,14.7226,0.557782270867625,0.5,0.3,Viable tumour cell
